varName,varType,n,beta,lower,upper,pvalue
"1488",INTEGER,330073,0.00861587869703302,0.00266876381382297,0.0145629935802431,0.00451860755946035
"1807",INTEGER,251409,0.00417293126618181,-0.00254088521321381,0.0108867477455774,0.223145550247503
"1845",INTEGER,132002,-8.13556924321426e-06,-0.00559644389538942,0.00558017275690299,0.997723339304641
"2139",INTEGER,300389,0.00372982427060385,-0.00230831044015336,0.00976795898136106,0.226012561258702
"2217",INTEGER,293952,0.00143881319997152,-0.0047346786162765,0.00761230501621954,0.647817168957646
"2754",INTEGER,125281,0.000918090255420084,-0.00848272873932844,0.0103189092501686,0.848202157912998
"2764",INTEGER,125099,0.00563688134053287,-0.00384135788599629,0.015115120567062,0.243763251342111
"2794",INTEGER,145681,-0.00173674231061493,-0.00898927208930986,0.00551578746808,0.638819610906761
"2804",INTEGER,132187,0.00574715045993691,-0.00353611225610007,0.0150304131759739,0.224979090762825
"2824",INTEGER,34104,-0.0072534612011243,-0.0251915684571392,0.0106846460548905,0.428039690899354
"2867",INTEGER,83345,-0.000136928800927405,-0.0117301988145164,0.0114563412126616,0.981531006685731
"2897",INTEGER,83346,-0.000680837790827951,-0.0116793869089866,0.0103177113273307,0.903431177811437
"2946",INTEGER,76374,-0.000173993161964657,-0.00813965486194406,0.00779166853801475,0.965851527188336
"2966",INTEGER,82454,-0.00146027736586106,-0.011051873323287,0.0081313185915649,0.765398574231421
"2976",INTEGER,15347,0.00344678723580734,-0.0182803355911892,0.0251739100628039,0.755840623513342
"3062",CONTINUOUS,310855,0.000345799128940566,-0.00405270394808173,0.00474430220596286,0.877540461454083
"3063",CONTINUOUS,310855,0.0020414241730892,-0.00244987598037314,0.00653272432655154,0.37300332475273
"3064",INTEGER,310855,-0.000335656924211956,-0.00527431206393928,0.00460299821551537,0.894027421811816
"3083",CONTINUOUS,29345,-0.0229277035718037,-0.04238235221317,-0.00347305493043743,0.0208976539349227
"3084",CONTINUOUS,29345,-0.0214147395526404,-0.0408601068567296,-0.00196937224855129,0.0308929712384263
"3085",CONTINUOUS,29345,-0.0217227526418594,-0.0407988261587274,-0.00264667912499146,0.0256232692656
"3086",CONTINUOUS,29345,-0.0207094324170615,-0.0402577969113436,-0.00116106792277934,0.0378600204216322
"3143",CONTINUOUS,196455,-0.00198721168771731,-0.00862695922787793,0.00465253585244332,0.55747190033446
"3144",CONTINUOUS,196442,-0.000546829961705627,-0.00788239768504734,0.00678873776163609,0.883837517934865
"3146",CONTINUOUS,196455,-0.00378944127166541,-0.0113194519954969,0.00374056945216613,0.323963381839387
"3147",CONTINUOUS,196455,-0.00273310827019592,-0.0102061792003903,0.00473996265999847,0.473487666707841
"3148",CONTINUOUS,196366,-0.0023269970442136,-0.00979928778438676,0.00514529369595957,0.541617760495523
"3160",CONTINUOUS,4961,-0.00444810697128923,-0.0482219753048501,0.0393257613622716,0.842105267241199
"3436",INTEGER,25165,-0.00319310393350943,-0.0244580004963757,0.0180717926293568,0.768516332305959
"3526",INTEGER,201961,-0.00275639516292896,-0.0100142128683074,0.0045014225424495,0.456656374057936
"3536",INTEGER,64716,0.0130519868345305,0.000368438933196651,0.0257355347358644,0.0437063288591633
"3546",INTEGER,53919,0.00889439489961061,-0.00335096144993663,0.0211397512491579,0.154553990234349
"3627",INTEGER,10058,-0.00773385858884054,-0.0367912960388053,0.0213235788611242,0.601875175567597
"3659",INTEGER,5611,0.00145270938947405,-0.0381037149282351,0.0410091337071832,0.942608236071387
"3680",INTEGER,12369,-0.0114405554417388,-0.0391694086101673,0.0162882977266896,0.418683536571709
"3700",INTEGER,35892,0.0111554743639739,-0.00695437775763215,0.0292653264855798,0.227302453833099
"3761",INTEGER,68023,0.00648809400737135,-0.00605050961701103,0.0190266976317537,0.310490740773491
"3786",INTEGER,34775,-0.00271626292535378,-0.019845817656871,0.0144132918061634,0.755950211907842
"3872",INTEGER,24053,0.00783888044460556,-0.0136825963597996,0.0293603572490107,0.475281146857828
"3882",INTEGER,14521,0.000875384226910158,-0.0253842930254311,0.0271350614792514,0.947902449836496
"3894",INTEGER,7646,-0.0138428476063635,-0.0472314448687148,0.0195457496559878,0.416400293018319
"3992",INTEGER,4547,-0.00998628170297734,-0.0567047807178937,0.036732217311939,0.675189868847288
"4012",INTEGER,6439,-0.00920658896959588,-0.0470773447193149,0.0286641667801231,0.633685959951811
"4022",INTEGER,2717,-0.0400968712201291,-0.0965601376666259,0.0163663952263677,0.163892838332042
"4056",INTEGER,4996,-0.00942808086989453,-0.0461982710297815,0.0273421092899924,0.615219811587251
"4079",INTEGER,321268,-5.29970676659301e-05,-0.0059809120783063,0.00587491794297444,0.986019680426281
"4080",INTEGER,321266,-0.00581825801917293,-0.0114337263390069,-0.00020278969933894,0.042281059588347
"4100",CONTINUOUS,107470,-0.00491345571790495,-0.0139820841352302,0.00415517269942028,0.288267040098969
"4101",CONTINUOUS,107464,-0.000186773994843866,-0.0100885869226021,0.00971503893291437,0.970508640031464
"4103",CONTINUOUS,107470,0.00176633248605746,-0.00845460477733779,0.0119872697494527,0.734824932597492
"4104",CONTINUOUS,107470,0.00082650129638966,-0.00929174833442033,0.0109447509271997,0.872802660015485
"4105",CONTINUOUS,107408,0.00120907899717843,-0.00890788322151739,0.0113260412158743,0.814800585317077
"4106",CONTINUOUS,107470,0.000826278519907152,-0.00929197589941012,0.0109445329392244,0.872836712842545
"4119",CONTINUOUS,107466,-0.00453402970821339,-0.0137389986793863,0.00467093926295954,0.334338080581928
"4120",CONTINUOUS,107459,-0.00634124626927317,-0.0161988684077247,0.00351637586917839,0.207373988347805
"4122",CONTINUOUS,107466,-0.00297496486894546,-0.0131609473088547,0.00721101757096377,0.567023399172055
"4123",CONTINUOUS,107466,-0.00449898579867152,-0.0145784697001543,0.0055804981028113,0.381662181380977
"4124",CONTINUOUS,107409,-0.00431887118697039,-0.0143983097203685,0.00576056734642773,0.401010446459159
"4125",CONTINUOUS,107466,-0.00449671182280386,-0.0145761888404534,0.00558276519484568,0.381902530487157
"4138",CONTINUOUS,850,0.103869053725862,-0.0143180386503063,0.222056146102031,0.0848930698019299
"4139",CONTINUOUS,850,-0.0259888325217167,-0.142581667356742,0.0906040023133083,0.661847665297457
"4140",CONTINUOUS,850,-0.0184726975452378,-0.135050275727479,0.098104880637003,0.755857736598827
"4141",CONTINUOUS,850,-0.0191275990973885,-0.130370126942457,0.0921149287476803,0.735825660057665
"4142",CONTINUOUS,850,-0.0461302034427985,-0.163982404064373,0.0717219971787759,0.442527255728381
"4143",CONTINUOUS,880,0.0184411310308909,-0.0984950671928918,0.135377329254674,0.756994877908564
"4144",CONTINUOUS,880,0.0206486564216311,-0.0947318321056709,0.136029144948933,0.72548412325662
"4145",CONTINUOUS,880,0.0137260988756139,-0.101513605805317,0.128965803556545,0.815211814675086
"4146",CONTINUOUS,880,0.0354735265468734,-0.0748057612042397,0.145752814297987,0.527978055056173
"4147",CONTINUOUS,880,0.014018271914786,-0.102349887490543,0.130386431320115,0.813147235741317
"4194",INTEGER,111433,0.0133714285662985,0.00313922096845116,0.0236036361641458,0.0104292847016621
"4195",INTEGER,111433,-0.00480075255720571,-0.0145867606156514,0.00498525550124,0.336294819368028
"4196",INTEGER,111377,-0.000639490590005113,-0.0105923863825462,0.00931340520253593,0.899785655169949
"4198",INTEGER,111433,-0.000786181877372868,-0.0106682791649748,0.00909591541022906,0.876089319950093
"4199",INTEGER,111433,0.00649652541880686,-0.00364174982698418,0.0166348006645979,0.209139329579534
"4200",INTEGER,111433,0.00011263134625105,-0.00977964847939949,0.0100049111719016,0.982195952972333
