varName,varType,n,beta,lower,upper,pvalue
"22653",INTEGER,1936,-0.0483957812824325,-0.125261713919268,0.0284701513544032,0.21705570265409
"22663",INTEGER,69118,0.00798667269322032,-0.00413815109257573,0.0201114964790164,0.196687476124752
"22664",INTEGER,40196,-0.00917202826830793,-0.024699761368504,0.00635570483188811,0.246968912989882
"22670",CONTINUOUS,35418,-0.00175405804271954,-0.0189505521026294,0.0154424360171904,0.841540426738562
"22671",CONTINUOUS,35418,-0.00659787754115708,-0.0234202391603546,0.0102244840780405,0.442052011966948
"22672",CONTINUOUS,35418,-0.0109587915332588,-0.0279169207841322,0.00599933771761471,0.205298146890805
"22673",CONTINUOUS,35590,-0.0101880462540073,-0.0273174050590813,0.00694131255106663,0.243715484406284
"22674",CONTINUOUS,35590,-0.0124289690991761,-0.0292305956115988,0.00437265741324665,0.147087213308796
"22675",CONTINUOUS,35590,-0.00865135580584179,-0.025650691480534,0.00834797986885041,0.318526215925292
"22676",CONTINUOUS,35535,-0.0041542777772938,-0.0214226378650725,0.0131140823104849,0.637266744822712
"22677",CONTINUOUS,35535,-0.00765944551271391,-0.0246213965521684,0.00930250552674061,0.376117394882725
"22678",CONTINUOUS,35535,-0.00885196069751661,-0.0259297529983464,0.00822583160331315,0.309661999607321
"22679",CONTINUOUS,35259,-0.0166691944729113,-0.0340747384510678,0.000736349505245197,0.0605110974794627
"22680",CONTINUOUS,35259,-0.0168778092022,-0.0339336555473611,0.000178037142961055,0.0524397504800124
"22681",CONTINUOUS,35259,-0.0173916330753581,-0.0345262809021904,-0.000256985248525791,0.0466617171787681
"23000",INTEGER,6516,-0.00686943511213227,-0.0484269749485739,0.0346881047243094,0.745917203512472
"23001",INTEGER,6516,0.00536190969195417,-0.0369923793622539,0.0477161987461622,0.804009844831748
"23002",INTEGER,6516,0.0186663985973864,-0.0232730528042045,0.0606058499989772,0.382966282037286
"23003",INTEGER,6516,0.0292175607370067,-0.0130407345008746,0.071475855974888,0.175343636324764
"23004",INTEGER,6516,0.0097879679741635,-0.0325877117599269,0.0521636477082539,0.650708934658799
"23005",INTEGER,6516,-0.0183432437595852,-0.0602234461290767,0.0235369586099064,0.390586786276972
"23006",INTEGER,6516,-0.0330146428618755,-0.0748085847144731,0.00877929899072215,0.12154112527681
"23007",INTEGER,6516,-0.0633123516153811,-0.105042223212305,-0.0215824800184574,0.00294833196510295
"23008",INTEGER,6516,-0.0538931290331507,-0.0955822949340616,-0.0122039631322398,0.0112940650451796
"23009",INTEGER,6516,-0.0444195528619302,-0.0863228140505137,-0.0025162916733466,0.0377442083385101
"23010",INTEGER,6516,0.0213578007047717,-0.0208466985214601,0.0635622999310035,0.321217500252622
"23011",INTEGER,6516,3.900692285243e-05,-0.042329060037373,0.0424070738830778,0.998560023780401
"23012",INTEGER,6516,0.000525926976099517,-0.0415968402390769,0.0426486941912759,0.980473801462999
"23013",INTEGER,6516,0.000961958154870852,-0.0407588820473429,0.0426827983570846,0.963949792376528
"23014",INTEGER,6516,0.0342105552607754,-0.00804982938357892,0.0764709399051297,0.112578845114388
"23015",INTEGER,6516,0.00745816582265957,-0.0347561171639548,0.0496724488092739,0.729098950855801
"23017",INTEGER,6516,-0.00815803906183697,-0.0504656735244365,0.0341495954007625,0.705440100915484
"23019",INTEGER,6516,0.0285547204032111,-0.0136930063518911,0.0708024471583134,0.185230113307491
"23020",INTEGER,6516,0.00653839755022986,-0.0356394457051758,0.0487162408056355,0.761221584962686
"23021",INTEGER,6516,-0.0245319476944936,-0.0664970250568375,0.0174331296678504,0.25184992069633
"23022",INTEGER,6516,0.0478982415316955,0.00593655937256504,0.0898599236908259,0.0252764796789547
"23023",INTEGER,6516,-0.015625392211882,-0.0578451162919854,0.0265943318682215,0.46816403607406
"23024",INTEGER,6516,0.00926793571330071,-0.0330968984141119,0.0516327698407134,0.668045713125843
"23025",INTEGER,6516,0.000124669329331345,-0.0421987513508787,0.0424480900095414,0.99539288596119
"23026",INTEGER,6516,0.0147227729117635,-0.0272546427695705,0.0567001885930975,0.491761969906645
"23027",INTEGER,6516,-0.0176107940215248,-0.0598892759081449,0.0246676878650952,0.414209228515979
"23028",INTEGER,6516,-0.00542859409973558,-0.0476549214498853,0.0367977332504141,0.801034377316845
"23029",INTEGER,6516,-0.00985157087818347,-0.0521561690365868,0.0324530272802198,0.648040980937727
"23031",INTEGER,6516,0.0162630326349519,-0.025889580108269,0.0584156453781727,0.449484165827271
"23032",INTEGER,6516,0.0283029834842701,-0.0140602956732409,0.0706662626417811,0.190343740210835
"23033",INTEGER,6516,-0.00622563557669164,-0.048459345298935,0.0360080741455518,0.772613113080189
"23034",INTEGER,6516,0.00953168739243873,-0.0327974255416053,0.0518608003264827,0.658917937333385
"23036",INTEGER,6516,0.0263120930160862,-0.0159672555909771,0.0685914416231495,0.222513011382904
"23037",INTEGER,6516,-0.0032627699826016,-0.0456910088563986,0.0391654688911954,0.880176707247896
"23039",INTEGER,3301,0.0449917640799069,-0.0145152733863055,0.104498801546119,0.138322790752278
"23040",INTEGER,6516,0.0192921839072522,-0.022653118282986,0.0612374860974903,0.367288148014519
"23041",INTEGER,6516,0.0187001079057387,-0.0232662294541646,0.0606664452656421,0.38241273437518
"23042",INTEGER,6516,-0.0320627140679945,-0.0738069389406848,0.00968151080469575,0.132197713960678
"23043",INTEGER,6516,-0.00616609760807093,-0.0482137465172886,0.0358815513011467,0.77375894715791
"23044",INTEGER,6516,0.032342575222768,-0.00972920811406972,0.0744143585596057,0.131859726062718
"23098",CONTINUOUS,334935,-0.00131845126125646,-0.00649873420211248,0.00386183167959956,0.617893251507224
"23099",CONTINUOUS,334734,-1.16238253023765e-05,-0.00442419139416722,0.00440094374356247,0.995880493669105
"23100",CONTINUOUS,334386,-0.000691426793995062,-0.00639429029078651,0.00501143670279639,0.812167536653659
"23101",CONTINUOUS,334906,-0.00217408264845748,-0.00584085330479028,0.00149268800787532,0.245197346874285
"23102",CONTINUOUS,334931,-0.00209055301806532,-0.00576328630574119,0.00158218026961055,0.264579947203332
"23104",CONTINUOUS,334929,-0.0022924121830787,-0.00812969312008655,0.00354486875392915,0.441467596275989
"23106",CONTINUOUS,334901,0.00298814163582363,-0.00149411993065431,0.00747040320230158,0.191338259679171
"23107",CONTINUOUS,334917,0.00207355349377971,-0.00325082169537615,0.00739792868293558,0.445284001164402
"23108",CONTINUOUS,334913,0.000333026477755817,-0.00503447194690416,0.0057005249024158,0.903210802700736
"23109",CONTINUOUS,334895,0.00263295545120799,-0.00149107895905737,0.00675698986147335,0.210815992885416
"23110",CONTINUOUS,334908,0.00284093795590303,-0.0012962721884873,0.00697814810029336,0.178344640450559
"23111",CONTINUOUS,334912,-0.000460137010948791,-0.00409324024747884,0.00317296622558126,0.803954475941548
"23112",CONTINUOUS,334909,-0.00052863013965587,-0.00520546112038655,0.00414820084107481,0.824673021389592
"23113",CONTINUOUS,334901,-0.00145215411607027,-0.00521358111638574,0.00230927288424521,0.449244765217375
"23114",CONTINUOUS,334901,-0.0013505193015591,-0.00508789319499341,0.00238685459187521,0.478793222172698
"23115",CONTINUOUS,334894,-0.00128420260163053,-0.00487112316510547,0.0023027179618444,0.482856711714935
"23116",CONTINUOUS,334891,-0.00074247757794055,-0.00536708830385228,0.00388213314797118,0.753011055232737
"23117",CONTINUOUS,334876,-0.000670726331467098,-0.00445373247807303,0.00311227981513884,0.728214036914251
"23118",CONTINUOUS,334872,-0.000586988445608027,-0.00434539293329388,0.00317141604207783,0.759522062267826
"23119",CONTINUOUS,334866,-0.000552657214816437,-0.00497943891530558,0.0038741244856727,0.806696107548689
"23120",CONTINUOUS,334841,-0.00201825375639417,-0.00777165572858568,0.00373514821579735,0.491740244194521
"23121",CONTINUOUS,334836,-0.00248998307787055,-0.00613929167622463,0.00115932552048353,0.181118986633503
"23122",CONTINUOUS,334831,-0.00216017244530242,-0.00579850220933535,0.0014781573187305,0.244551881475445
"23123",CONTINUOUS,334813,-0.000525679784517516,-0.00493624796965264,0.00388488840061761,0.815294184492901
"23124",CONTINUOUS,334780,-0.00168481153018639,-0.00744027746641946,0.00407065440604668,0.566139339778844
"23125",CONTINUOUS,334772,-0.00203914792370725,-0.0057552165575529,0.00167692071013841,0.28214699612355
"23126",CONTINUOUS,334759,-0.00234388275759129,-0.00604590628564844,0.00135814077046586,0.214633442462883
"23127",CONTINUOUS,334725,-4.69001402206969e-05,-0.00534422864813424,0.00525042836769284,0.986155258902915
"23128",CONTINUOUS,334708,-0.00074218257161553,-0.00661191545665733,0.00512755031342627,0.804271305109932
"23129",CONTINUOUS,334643,-0.00241807628488537,-0.0060814437177319,0.00124529114796116,0.195764192695162
"23130",CONTINUOUS,334608,-0.00255180208248606,-0.00620029833826056,0.00109669417328844,0.170429718113457
"23200",CONTINUOUS,31980,-0.00198732739161198,-0.0154398618326319,0.0114652070494079,0.772159197028374
"23201",CONTINUOUS,31980,-0.00606818622446949,-0.0216407888877658,0.00950441643882678,0.44501032684965
"23202",CONTINUOUS,31980,0.000555914464380581,-0.0129580211184184,0.0140698500471796,0.935737595867935
"23203",CONTINUOUS,31980,-0.00270404012585214,-0.0177771945024002,0.0123691142506959,0.725125606351693
"23204",CONTINUOUS,31980,-0.00159701734996789,-0.0193602747146617,0.0161662400147259,0.86012338115477
"23205",CONTINUOUS,31964,-0.00224463111273997,-0.0205960996460079,0.0161068374205279,0.810534128985512
"23206",CONTINUOUS,5362,0.0140804568622116,-0.0302430681341326,0.0584039818585557,0.53346087274178
"23208",CONTINUOUS,32496,-0.00660427292168488,-0.0239529251515819,0.0107443793082121,0.455584896449451
"23209",CONTINUOUS,32478,-0.00725932715953848,-0.025673909529849,0.0111552552107721,0.439718343182783
"23210",CONTINUOUS,32436,-0.00314746591056699,-0.020443346304734,0.0141484144836,0.721331292637206
"23212",CONTINUOUS,32436,-0.00515963578769085,-0.0218307197467124,0.0115114481713307,0.544104780246991
"23213",CONTINUOUS,32419,-0.00613188949025428,-0.0243467415915233,0.0120829626110147,0.50936670871524
"23214",CONTINUOUS,32496,-0.00497059967913575,-0.02053338827138,0.0105921889131085,0.531308639115531
"23215",CONTINUOUS,32477,-0.00600882086616824,-0.0245158970402627,0.0124982553079262,0.524534010799746
"23216",CONTINUOUS,5362,-0.013524987672676,-0.0564198363572642,0.0293698610119123,0.536517298094757
"23217",CONTINUOUS,5353,-0.0117736244924547,-0.0572237486431968,0.0336764996582875,0.611590596077745
"23218",CONTINUOUS,32496,-0.0122088142902162,-0.029845109890661,0.00542748131022859,0.174839737328329
"23219",CONTINUOUS,32475,-0.0124655387054732,-0.0306325934536827,0.00570151604273621,0.178666104001413
"23220",CONTINUOUS,17537,-0.00502558617888364,-0.0207779354484616,0.0107267630906943,0.531752958316486
"23221",CONTINUOUS,17537,-0.00524504744759406,-0.0232394502150612,0.0127493553198731,0.567780557621045
"23222",CONTINUOUS,17537,-0.00779972228821471,-0.0235427818423892,0.00794333726595973,0.331507256372312
"23223",CONTINUOUS,17537,-0.00754914602988636,-0.0253801038144499,0.0102818117546772,0.406633096930782
"23224",CONTINUOUS,33588,-0.00311105031728926,-0.0144739381618534,0.00825183752727486,0.591520692498779
"23225",CONTINUOUS,33588,-0.000874259085560289,-0.0136807286056608,0.0119322104345402,0.893557052045083
"23226",CONTINUOUS,33588,0.0016558855008275,-0.0165555173334831,0.0198672883351381,0.858553141676746
"23227",CONTINUOUS,17537,-0.00805606219810309,-0.0262417313786247,0.0101296069824185,0.38524000341367
"23228",CONTINUOUS,17537,-0.00692503155966188,-0.0233839090415635,0.00953384592223976,0.409549205805154
"23229",CONTINUOUS,17537,-0.0113202147931882,-0.0295355909648907,0.00689516137851436,0.223189918759032
"23230",CONTINUOUS,33588,-0.0017312380376761,-0.0135824102278635,0.0101199341525113,0.774630996972362
"23231",CONTINUOUS,33588,-0.00204528238739844,-0.0151507001323834,0.0110601353575865,0.759689821568884
"23232",CONTINUOUS,33588,0.00116109618010647,-0.0151539274839018,0.0174761198441147,0.889063497296927
"23233",CONTINUOUS,33588,-0.00230330647005925,-0.0167350007375067,0.0121283877973882,0.754417364077821
"23234",CONTINUOUS,33588,-0.00448345152499688,-0.020126550267506,0.0111596472175122,0.574280975795025
"23235",CONTINUOUS,33588,-0.00139396665782185,-0.0136457836233101,0.0108578503076664,0.823532555528964
"23236",CONTINUOUS,33588,-0.00103646651805467,-0.0155507384634556,0.0134778054273462,0.888687381395496
"23237",CONTINUOUS,17537,-0.00572578740094775,-0.0258919309516074,0.0144403561497119,0.577854033406616
"23238",CONTINUOUS,17537,-0.0107864322388179,-0.0309032321999857,0.00933036772234999,0.293279399228176
"23239",CONTINUOUS,33569,-0.00136067209334569,-0.0188644396728323,0.0161430954861409,0.878899841571341
"23240",CONTINUOUS,33588,-0.00232836947316201,-0.0159754368932103,0.0113186979468863,0.738073991576707
"23241",CONTINUOUS,33588,-0.00224663249903394,-0.0175578636820366,0.0130645986839687,0.773656343668769
"23242",CONTINUOUS,17537,-0.0115213716706903,-0.0328169051980764,0.00977416185669584,0.288950570581017
"23243",CONTINUOUS,17537,-0.0105279993583874,-0.0316101275251998,0.010554128808425,0.327675000627392
"23244",INTEGER,28160,-0.00839271054018845,-0.0251874617034225,0.00840204062304561,0.327351424147051
"23245",INTEGER,28160,-0.001141939210644,-0.0210154841058718,0.0187316056845838,0.910328745276938
"23246",INTEGER,28160,-0.00401597141057795,-0.017367659819875,0.00933571699871912,0.555496605527974
"23247",CONTINUOUS,33589,0.00470128243711442,-0.0136946690952554,0.0230972339694842,0.616439258453882
"23248",CONTINUOUS,33589,-0.000599555054634035,-0.0165412390886532,0.0153421289793852,0.941237229715512
"23249",INTEGER,14623,-0.00297825966429148,-0.0297937308930025,0.0238372115644196,0.827664804981891
"23250",INTEGER,14623,-0.00319786145135352,-0.0205128527253493,0.0141171298226423,0.717349223724085
"23251",CONTINUOUS,17538,-0.00037434076744971,-0.0179820514097488,0.0172333698748493,0.96676080248259
"23252",CONTINUOUS,17538,-0.00383341286219211,-0.0249693140886853,0.0173024883643011,0.722217277668833
"23253",INTEGER,14623,-0.00191517536359145,-0.0289394492175596,0.0251090984903767,0.88952188964694
"23254",INTEGER,14623,-0.00653948701744394,-0.0236338028395034,0.0105548288046155,0.453355385726294
"23255",CONTINUOUS,17538,0.000710021665539777,-0.017078167519111,0.0184982108501905,0.937639593983236
"23256",CONTINUOUS,17538,-0.00454192140348462,-0.0251394325972269,0.0160555897902577,0.665588199079421
"23257",INTEGER,28160,-0.00376848441465712,-0.0232046801768111,0.0156677113474968,0.703923184297006
"23258",INTEGER,28160,-0.00408921982729779,-0.0164762716126639,0.00829783195806828,0.517603471322839
"23259",CONTINUOUS,33589,0.00136370816494003,-0.0113493552585667,0.0140767715884468,0.833474219107322
"23260",CONTINUOUS,33589,-0.00167156831758902,-0.0166478976468382,0.0133047610116601,0.826832611894851
"23261",INTEGER,28160,-0.00101678499689671,-0.014672828356935,0.0126392583631416,0.883970680192322
"23262",INTEGER,28160,0.00470353893540295,-0.0140944549740756,0.0235015328448815,0.62383108765104
"23263",INTEGER,28160,0.00138948814151662,-0.0114129799278214,0.0141919562108546,0.831539418764469
"23264",CONTINUOUS,33589,0.00128844310429063,-0.0120126561990807,0.0145895424076619,0.849417248659942
"23265",CONTINUOUS,33589,0.00323611551035207,-0.013860730118421,0.0203329611391251,0.710641227510366
"23266",INTEGER,14623,0.00404051066164305,-0.0205599283203078,0.0286409496435939,0.747501308897986
"23267",INTEGER,14623,0.00351641108935513,-0.0151068610731599,0.0221396832518702,0.711307835246391
"23268",CONTINUOUS,17538,-0.00112803498652765,-0.0182881416432722,0.0160320716702169,0.897478692479046
"23269",CONTINUOUS,17538,0.000484392261725006,-0.0234155676314533,0.0243843521549033,0.968311784601708
"23270",INTEGER,14623,0.00587589804565826,-0.0188289970517485,0.030580793143065,0.641076931708067
"23271",INTEGER,14623,0.00166988151570775,-0.0168320383126044,0.0201718013440199,0.859581345086638
"23272",CONTINUOUS,17538,0.00128424444187225,-0.0158819286024184,0.0184504174861629,0.883417899702903
"23273",CONTINUOUS,17538,-0.000958904357569438,-0.0247404570069642,0.0228226482918253,0.937006591630914
"23274",INTEGER,28160,0.00506897374575312,-0.0127059233411952,0.0228438708327014,0.576194349523497
"23275",INTEGER,28160,0.00470183510311798,-0.00867500539713001,0.018078675603366,0.49086748158881
"23276",CONTINUOUS,33589,0.00057848879688307,-0.0117816469564797,0.0129386245502458,0.926909068408607
"23277",CONTINUOUS,33589,0.00372315467348387,-0.0134780676016699,0.0209243769486377,0.671390723281663
"23278",INTEGER,28160,0.00101171009335942,-0.0191914960088031,0.0212149161955219,0.921811683061317
"23279",INTEGER,28160,-0.000399507367801901,-0.0130341966679414,0.0122351819323376,0.950581991056093
"23280",INTEGER,28160,-0.000446010956089823,-0.0131225457014883,0.0122305237893086,0.945020115944805
"23281",CONTINUOUS,33589,0.00308418898042989,-0.0126221965628164,0.0187905745236762,0.700326701306791
"23282",INTEGER,28160,-0.000443324780995597,-0.0179814241230971,0.0170947745611059,0.960484743505308
"23283",CONTINUOUS,33589,0.00133335047133018,-0.0145957780042829,0.0172624789469433,0.869680927329494
"23284",INTEGER,28160,-0.000468224660499393,-0.020605262853632,0.0196688135326332,0.963649419992837
"23285",INTEGER,28160,-0.0032914363374681,-0.0162603233475333,0.00967745067259711,0.618875562300485
"23286",CONTINUOUS,33589,0.00488460023300819,-0.0131001621670559,0.0228693626330722,0.594494924890441
"23287",CONTINUOUS,33589,0.000893233785058779,-0.0149799078846805,0.016766375454798,0.91217403154552
"23288",INTEGER,28010,-0.00205246666671328,-0.019393246500822,0.0152883131673955,0.816545359431429
"23289",INTEGER,28010,-0.00204743088980366,-0.0193882295733655,0.0152933677937582,0.816987676880247
"23290",CONTINUOUS,33579,-0.00161545619886538,-0.0187678846623261,0.0155369722645953,0.853543356434979
"23291",CONTINUOUS,33579,-0.00274170339547708,-0.0191902477953749,0.0137068410044208,0.743892499125919
"23292",CONTINUOUS,5722,-0.0163048148782264,-0.0584896090871185,0.0258799793306657,0.448658669485768
"23293",CONTINUOUS,33558,-0.00276747665066154,-0.0207317676025229,0.0151968143011999,0.762690661849451
"23295",CONTINUOUS,33628,-0.00221175922795743,-0.0174737823734762,0.0130502639175614,0.776376477720833
"23296",CONTINUOUS,5713,-0.0149692699614552,-0.0594466220109534,0.0295080820880431,0.509418632227969
"23297",CONTINUOUS,33628,-0.00599309168301975,-0.0233763335374508,0.0113901501714113,0.499206176543786
"23298",CONTINUOUS,33601,-0.00254271081024033,-0.0207306906177694,0.0156452689972887,0.784073849229698
"23299",CONTINUOUS,33628,-0.00654527275320683,-0.0237082621569007,0.010617716650487,0.454780165271989
"23300",CONTINUOUS,33607,-0.00690906321289614,-0.0250579763190663,0.011239849893274,0.455575649987722
"23301",CONTINUOUS,33604,-0.00623403541038182,-0.0241586847315655,0.0116906139108018,0.495444237318954
"23302",CONTINUOUS,5722,-0.015413444193164,-0.0587377498020584,0.0279108614157304,0.485554215165989
"23304",CONTINUOUS,33588,-0.00101212080673831,-0.0141527805636513,0.0121285389501747,0.880003500985075
"23305",CONTINUOUS,33588,-0.000515527384510217,-0.0167515221124103,0.0157204673433898,0.950375844150156
"23306",CONTINUOUS,33588,0.00111222946179158,-0.0160596522331025,0.0182841111566857,0.898978984104859
"23307",CONTINUOUS,33588,-0.00226840516891195,-0.0156870142204677,0.0111502038826438,0.740388010484564
"23308",CONTINUOUS,33588,-0.00104187410014773,-0.0150462279586051,0.0129624797583097,0.884064672938378
"23309",CONTINUOUS,33588,0.00175836776756397,-0.0127241876754641,0.0162409232105921,0.811903239271392
"23310",CONTINUOUS,33588,-0.000214351583946919,-0.0141015892550042,0.0136728860871104,0.975865118816243
"23311",CONTINUOUS,33588,-0.00368953361233285,-0.0194590328120647,0.012079965587399,0.646537089731283
"23312",CONTINUOUS,33588,-0.00486245238166186,-0.0198020906790966,0.0100771859157729,0.523517854457769
"23313",CONTINUOUS,17537,-0.000964041905412744,-0.0180515402979539,0.0161234564871284,0.911946845888817
"23314",CONTINUOUS,17537,-0.00232679499650091,-0.0193484853137655,0.0146948953207637,0.788750555539485
"23315",CONTINUOUS,17537,-0.00137726634965796,-0.0193346679086987,0.0165801352093828,0.880504110107496
"23316",CONTINUOUS,17537,0.000710156605441608,-0.0172664946547397,0.0186868078656229,0.93828034619577
"23317",CONTINUOUS,33588,-0.00312354114055267,-0.0153231527720007,0.00907607049089536,0.615783603295987
"23318",CONTINUOUS,33588,-0.00113172333538485,-0.0140426612245218,0.0117792145537522,0.863588624205265
"23320",CONTINUOUS,17537,-0.00632518016496555,-0.0227829071434915,0.0101325468135604,0.451266029468212
