varName,varType,n,beta,lower,upper,pvalue
"41286",INTEGER,6771,-0.00125953661797592,-0.0355920277544075,0.0330729545184556,0.942670092747865
"90012",CONTINUOUS,73434,0.0065672583036603,-0.00567500422283175,0.0188095208301523,0.293067607678366
"90013",CONTINUOUS,73434,0.00795885972573989,-0.00411958810668317,0.0200373075581629,0.196533840146634
"90019",CONTINUOUS,73434,0.00583558221101074,-0.00659465380536392,0.0182658182273854,0.357495809504878
"90020",CONTINUOUS,73434,0.00933627554028932,-0.00310883839723819,0.0217813894778168,0.141462739715874
"90021",CONTINUOUS,73434,0.00925863690318421,-0.00317984849832033,0.0216971223046887,0.144588330827736
"90022",CONTINUOUS,73434,0.00734311029080639,-0.00508300612438546,0.0197692267059982,0.246768434151447
"90023",CONTINUOUS,73434,0.00868650526147707,-0.00371267974267562,0.0210856902656298,0.169720509834378
"90024",CONTINUOUS,73434,0.00624134098577868,-0.0060528969146782,0.0185355788862356,0.319730107056147
"90025",CONTINUOUS,73434,0.00668954007389301,-0.00561556877502404,0.0189946489228101,0.286639250543843
"90027",CONTINUOUS,73434,0.018126191839038,0.00559791836257678,0.0306544653154993,0.00457282332654334
"90028",CONTINUOUS,73434,0.00193928223840648,-0.0106280599550926,0.0145066244319056,0.762310302556675
"90029",CONTINUOUS,73434,0.00376013083944512,-0.00882776422008692,0.0163480258989772,0.558233125175936
"90030",CONTINUOUS,73434,0.00796980634357222,-0.00462449471403396,0.0205641074011784,0.214866086610061
"90031",CONTINUOUS,73434,0.0102739549209837,-0.00231788429220019,0.0228657941341676,0.109779690969045
"90032",CONTINUOUS,73434,0.0140572795294836,0.00152670652627262,0.0265878525326946,0.0278953003547377
"90033",CONTINUOUS,73434,0.00595615508548649,-0.00629988138993583,0.0182121915609088,0.340839686356924
"90034",CONTINUOUS,73434,-0.00515249006092879,-0.0173990916449687,0.00709411152311112,0.409586848421439
"90035",CONTINUOUS,73434,0.00247927417053086,-0.0100251788088315,0.0149837271498932,0.697565041444119
"90036",CONTINUOUS,73434,0.00368621212044474,-0.00885729872137278,0.0162297229622623,0.564622341992853
"90037",CONTINUOUS,73434,0.00322697020881776,-0.00930754618121675,0.0157614865988523,0.613845095557006
"90038",CONTINUOUS,73434,0.0110671109533652,-0.0015024087052156,0.023636630611946,0.0844016472381679
"90039",CONTINUOUS,73434,0.00755272147713286,-0.00501493475510822,0.0201203777093739,0.238844611410813
"90040",CONTINUOUS,73434,0.00710259006457325,-0.00539956767348661,0.0196047478026331,0.265500908950971
"90041",CONTINUOUS,73434,0.0190343887667563,0.00647014768570488,0.0315986298478077,0.0029854992730981
"90042",CONTINUOUS,73434,0.0153634358717127,0.00281540680293752,0.0279114649404879,0.0164082312178053
"90043",CONTINUOUS,73434,0.00917008989783355,-0.00324559434312118,0.0215857741387883,0.14772425627134
"90044",CONTINUOUS,73434,0.00265581898510696,-0.00947395800323689,0.0147855959734508,0.667821229756701
"90045",CONTINUOUS,73434,0.000889476133973747,-0.011104575939514,0.0128835282074615,0.884432669862639
"90046",CONTINUOUS,73434,0.00621736626950684,-0.00582383013742921,0.0182585626764429,0.311528518044427
"90047",CONTINUOUS,73434,0.00546928241177244,-0.00664016638476162,0.0175787312083065,0.376029885997695
"90048",CONTINUOUS,73434,0.000906766697147174,-0.0113434973363085,0.0131570307306028,0.884648682760808
"90049",CONTINUOUS,73434,-0.00257861938115858,-0.0150469336077611,0.00988969484544399,0.685218298653172
"90050",CONTINUOUS,73434,0.00881949891196335,-0.00375849373443035,0.0213974915583571,0.169346594829608
"90087",CONTINUOUS,73434,0.00621515120684593,-0.00602397004307342,0.0184542724567653,0.319590638777269
"90088",CONTINUOUS,73434,0.00717413212224039,-0.00485099070474187,0.0191992549492227,0.242276655502631
"90089",CONTINUOUS,73434,0.00237152941981704,-0.0100356479041959,0.01477870674383,0.707931461596774
"90091",CONTINUOUS,73434,0.00803224013271703,-0.00402947634797237,0.0200939566134064,0.191822957383999
"90092",CONTINUOUS,73434,-0.00347541251718444,-0.0160597224048125,0.00910889737044364,0.588307460332385
"90093",CONTINUOUS,73434,0.000718688528980544,-0.011787329462905,0.013224706520866,0.910319512986783
"90094",CONTINUOUS,73434,-0.00024109457541845,-0.0126823343320435,0.0122001451812066,0.969702053017649
"90095",CONTINUOUS,73434,-0.0012159073526008,-0.0136327735801468,0.0112009588749452,0.847797266816261
"90096",CONTINUOUS,73434,-0.0021103267955522,-0.0145191885726735,0.0102985349815691,0.738886949633959
"90097",CONTINUOUS,73434,-0.00398655202117449,-0.0163941839604576,0.00842107991810865,0.528864289171498
"90098",CONTINUOUS,73434,-0.0047803988591049,-0.0171888333507932,0.00762803563258344,0.45019357129957
"90099",CONTINUOUS,73434,-0.00500274522293396,-0.0174117938124744,0.00740630336660643,0.429426141786818
"90100",CONTINUOUS,73434,-0.00541897578970182,-0.0178277949600378,0.00698984338063414,0.392035195644794
"90101",CONTINUOUS,73434,-0.00622601137853465,-0.0186347265601308,0.00618270380306147,0.325404780943667
"90102",CONTINUOUS,73434,-0.00634237656787731,-0.0187502850387217,0.0060655319029671,0.316412669016549
"90103",CONTINUOUS,73434,-0.0059881482971608,-0.0183958189347324,0.00641952234041086,0.344189022271602
"90104",CONTINUOUS,73434,-0.00597282599937661,-0.0183797847041256,0.00643413270537233,0.345397360780558
"90105",CONTINUOUS,73434,-0.0058913683368411,-0.0182970696361252,0.00651433296244301,0.351967038827763
"90106",CONTINUOUS,73434,-0.00602903782103167,-0.0184342411463093,0.00637616550424595,0.340808369321613
"90107",CONTINUOUS,73434,-0.00616278494102109,-0.0185673572840259,0.0062417874019837,0.330180554668122
"90108",CONTINUOUS,73434,-0.00685278604422967,-0.019256069544589,0.00555049745612964,0.278859245809726
"90109",CONTINUOUS,73434,-0.00674664935992721,-0.0191476529696742,0.0056543542498198,0.286283624870607
"90110",CONTINUOUS,73434,-0.00690474637624258,-0.0193040492099965,0.00549455645751133,0.275076435977309
"90111",CONTINUOUS,73434,-0.00702812142099924,-0.0194265881348424,0.00537034529284392,0.266558258328228
"90112",CONTINUOUS,73434,-0.00551745691393384,-0.0179086266627678,0.00687371283490012,0.382810934767398
"90113",CONTINUOUS,73434,-0.00580260581555462,-0.0181866677953434,0.00658145616423416,0.35843095752199
"90114",CONTINUOUS,73434,-0.00588465358735687,-0.0182622820266061,0.00649297485189237,0.351425207107845
"90115",CONTINUOUS,73434,-0.00633658821589027,-0.018708303853319,0.00603512742153843,0.315440873808025
"90116",CONTINUOUS,73434,-0.0066130328406627,-0.0189769133957425,0.00575084771441709,0.294486578590552
"90117",CONTINUOUS,73434,-0.00678404067326626,-0.0191394265428301,0.00557134519629758,0.281847567798824
"90118",CONTINUOUS,73434,-0.00628707527660978,-0.0186327833204008,0.00605863276718127,0.318218721740351
"90119",CONTINUOUS,73434,-0.00669969820655523,-0.0190361103848352,0.00563671397172473,0.287132440301229
"90120",CONTINUOUS,73434,-0.00662417578793704,-0.0189493529145393,0.00570100133866521,0.292160484709567
"90121",CONTINUOUS,73434,-0.00668923903239726,-0.0190023124193724,0.00562383435457788,0.286972769279963
"90122",CONTINUOUS,73434,-0.00668351559900186,-0.0189843960295413,0.00561736483153759,0.286907826236289
"90123",CONTINUOUS,73434,-0.00678682801547424,-0.0190741971418417,0.00550054111089319,0.278994911665022
"90124",CONTINUOUS,73434,-0.00680002884941348,-0.0190741977633583,0.00547414006453135,0.277544417033304
"90125",CONTINUOUS,73434,-0.00679800111566286,-0.0190583670945744,0.0054623648632487,0.277147116884826
"90126",CONTINUOUS,73434,-0.00634324888835178,-0.0185899164083911,0.00590341863168754,0.310016667559722
"90127",CONTINUOUS,73434,-0.00638774483655685,-0.0186200785176647,0.005844588844551,0.306068585350242
"90128",CONTINUOUS,73434,-0.00587700423356173,-0.0180436800653549,0.00628967159823142,0.343764851640494
"90129",CONTINUOUS,73434,-0.00513757278313344,-0.0172579491343365,0.00698280356806959,0.40608862572832
"90130",CONTINUOUS,73434,-0.00337786135342043,-0.0154820709099706,0.00872634820312976,0.58440348761437
"90131",CONTINUOUS,73434,-0.00304887148034073,-0.0151624329138161,0.00906468995313465,0.621792948918968
"90132",CONTINUOUS,73434,-0.00248064754823144,-0.0146113896851441,0.0096500945886812,0.688564989781508
"90133",CONTINUOUS,73434,-0.00335175279221454,-0.0154918984551185,0.00878839287068937,0.588418144012368
"90134",CONTINUOUS,73434,-0.0044062575066747,-0.016545141369266,0.00773262635591659,0.476805669003886
"90135",CONTINUOUS,73434,-0.00504340018680521,-0.0171697089798545,0.00708290860624409,0.414975642185588
"90136",CONTINUOUS,73434,-0.00519879441507024,-0.0173113270902882,0.0069137382601477,0.4002129599852
"90187",INTEGER,73434,0.0181204768875332,0.00555619201982254,0.0306847617552439,0.00470360202284925
"90188",CONTINUOUS,73434,0.000355963850415653,-0.012254274291206,0.0129662019920373,0.955878027871132
"90190",CONTINUOUS,73434,0.000737776650787839,-0.0118625522437977,0.0133381055453734,0.908634047952445
"90191",CONTINUOUS,73434,0.00199413356147683,-0.0106110288792699,0.0145992960022236,0.756507900011101
"90192",CONTINUOUS,73434,-0.000991007162643909,-0.01354292289764,0.0115609085723522,0.87702125930382
"90193",CONTINUOUS,73434,0.00326832426447875,-0.00921865950376591,0.0157553080327234,0.607948337683904
"90194",CONTINUOUS,73434,0.00197900736525701,-0.0106180834598216,0.0145760981903356,0.75814704550089
"90195",CONTINUOUS,73434,0.000522433592016568,-0.0120664154385824,0.0131112826226156,0.935172358691155
"100001",CONTINUOUS,48261,-0.00589015739428558,-0.0213958258462495,0.00961551105767831,0.456545848052132
"100002",CONTINUOUS,48261,-0.00246489023825426,-0.0175737260817617,0.0126439456052532,0.749150855776282
"100003",CONTINUOUS,48261,0.000998190896990264,-0.0144295583280986,0.0164259401220791,0.899087491348689
"100004",CONTINUOUS,48261,0.00429466080649933,-0.0110651177422391,0.0196544393552377,0.583675078749951
"100005",CONTINUOUS,48261,-0.00898212002399617,-0.0243321866466165,0.00636794659862413,0.251426430968306
"100006",CONTINUOUS,48261,0.00309701427256853,-0.0122944231991648,0.0184884517443019,0.693296800871651
"100007",CONTINUOUS,48261,0.00505997778487264,-0.0104431836427853,0.0205631392125306,0.522360178151257
"100008",CONTINUOUS,48261,-0.0116996457076726,-0.0272515858102783,0.0038522943949331,0.140351399850696
"100009",CONTINUOUS,48261,-0.0166659895037849,-0.0322404383560539,-0.00109154065151591,0.0359650202713877
"100011",CONTINUOUS,48261,-0.004890507075183,-0.0203197786973866,0.0105387645470206,0.534437090124802
"100012",CONTINUOUS,48261,-0.0100247681955418,-0.0255324752312991,0.00548293884021544,0.205151888549426
"100013",CONTINUOUS,48261,0.00482855437339279,-0.010759056664301,0.0204161654110865,0.543753713444002
"100014",CONTINUOUS,48261,-0.00054395648163739,-0.0160578283063554,0.0149699153430807,0.945210289702204
"100015",CONTINUOUS,48261,-0.00873924340169288,-0.0242886106767802,0.00681012387339441,0.270645324897937
"100016",CONTINUOUS,48261,-0.0190279008452931,-0.034566313369068,-0.00348948832151827,0.0163909233301533
"100017",CONTINUOUS,48261,-0.0117090350628781,-0.027131748292633,0.00371367816687684,0.136742630005295
"100018",CONTINUOUS,46797,0.0128410390168189,-0.0029263886731001,0.0286084667067378,0.11044160059641
"100019",CONTINUOUS,48261,-0.00941206413383824,-0.0249393481327874,0.00611521986511093,0.234804849378445
"100021",CONTINUOUS,48261,0.012236206671796,-0.00334998782147711,0.0278224011650691,0.123873946446417
"100023",CONTINUOUS,48261,0.000436924734852364,-0.0147260706079823,0.0155999200776871,0.954961119297525
"100024",CONTINUOUS,48261,-0.00121731032328029,-0.0167652348478228,0.0143306142012622,0.878038214652881
"100025",CONTINUOUS,48261,-0.003297816656893,-0.0189059490494579,0.0123103157356719,0.678782236728258
