varName,varType,n,beta,lower,upper,pvalue
"23322",INTEGER,40561,-0.0179160624109157,-0.0350075409746429,-0.000824583847188452,0.0399255576790325
"23323",INTEGER,40561,-0.00712249728178641,-0.0221401157731406,0.00789512120956775,0.352588008320104
"23324",INTEGER,40561,-0.0105880373613763,-0.0257947262035232,0.00461865148077069,0.172350316439221
"24003",CONTINUOUS,336262,-0.00023866942198144,-0.00544755111729613,0.00497021227333325,0.928441994193303
"24004",CONTINUOUS,336262,-0.000772187105626812,-0.00621614213656111,0.00467176792530749,0.781006203242221
"24005",CONTINUOUS,312333,0.000627666150442033,-0.00530601579428662,0.00656134809517068,0.835755237672437
"24006",CONTINUOUS,312333,-0.000614535447879799,-0.00633782743384858,0.00510875653808898,0.833315898180438
"24007",CONTINUOUS,312333,-0.000806406245844765,-0.00615771642521289,0.00454490393352336,0.767723314849337
"24008",CONTINUOUS,312333,0.00234460250220259,-0.00364127147012473,0.00833047647452991,0.442666133363242
"24010",CONTINUOUS,336262,-0.00405432525299849,-0.0099349438389447,0.00182629333294772,0.176606785175773
"24011",INTEGER,336262,-0.00121973298206057,-0.00702408116109869,0.00458461519697756,0.680434412883255
"24012",CONTINUOUS,336262,0.00110174231347682,-0.0046902815333031,0.00689376616025674,0.709282561829315
"24016",CONTINUOUS,336262,-0.00145829669045597,-0.00616809448703288,0.00325150110612094,0.543939811955711
"24017",CONTINUOUS,336262,-0.00167869656900539,-0.00645081786622691,0.00309342472821614,0.490533006078973
"24018",CONTINUOUS,336262,-0.00162377330819364,-0.00624186664140864,0.00299432002502136,0.490730765132243
"24019",CONTINUOUS,335464,-0.00343984867588598,-0.00744049701295899,0.000560799661187028,0.0919455572423077
"24020",CONTINUOUS,336262,-0.00165012121583263,-0.007519785958958,0.00421954352729275,0.58163351252799
"24021",CONTINUOUS,336262,-0.00158577254884852,-0.00745542895014413,0.00428388385244708,0.596448926533942
"24022",CONTINUOUS,336262,-0.00164702440715485,-0.00751668689637407,0.00422263808206436,0.582342435300616
"24500",CONTINUOUS,297380,0.00224804286189673,-0.00328153157602927,0.00777761729982273,0.425553537917367
"24501",CONTINUOUS,297380,-0.00245921556686306,-0.00819581235486727,0.00327738122114115,0.400786679098621
"24502",CONTINUOUS,297380,0.0039255593614108,-0.00207209094365373,0.00992320966647533,0.199551440817806
"24503",CONTINUOUS,297380,0.00260914034879889,-0.00325041763432789,0.00846869833192567,0.382808185309778
"24504",CONTINUOUS,297380,-0.00198528680985376,-0.00797657716347223,0.0040060035437647,0.516041265447418
"24505",CONTINUOUS,297380,0.00284824798972891,-0.00326793918743047,0.00896443516688829,0.361380254560977
"24506",CONTINUOUS,337719,0.00367232352520458,-0.00153561783491638,0.00888026488532553,0.166956538859899
"24507",CONTINUOUS,337719,0.00303386330100465,-0.00246106378735542,0.00852879038936472,0.279190796451584
"24508",CONTINUOUS,337719,0.000582756548385369,-0.00185963771744073,0.00302515081421147,0.640035127613292
"25000",CONTINUOUS,32790,0.00290467610908985,-0.0119025586759821,0.0177119108941618,0.700615938617797
"25001",CONTINUOUS,32790,0.00200159642269364,-0.0125792452240585,0.0165824380694458,0.78788095095524
"25002",CONTINUOUS,32790,-0.00158380210797816,-0.0169430137913477,0.0137754095753913,0.839828955552938
"25003",CONTINUOUS,32790,0.00462267248483318,-0.0113073245681026,0.0205526695377689,0.569511791033807
"25004",CONTINUOUS,32790,0.003514917980441,-0.0120284945227639,0.0190583304836459,0.657599493483118
"25005",CONTINUOUS,32790,0.00161507980252763,-0.012555359095764,0.0157855187008192,0.823228937931238
"25006",CONTINUOUS,32790,-0.00216127326641483,-0.0174335670840445,0.0131110205512148,0.781492830227158
"25007",CONTINUOUS,32790,-0.0106179366201011,-0.0285458725790013,0.0073099993387991,0.245713680653692
"25008",CONTINUOUS,32790,-0.00842520789768629,-0.0237103528938878,0.00685993709851517,0.279982428826068
"25009",CONTINUOUS,32790,-0.00485229089183483,-0.0203387527853073,0.0106341710016376,0.539135141533922
"25010",CONTINUOUS,32790,-0.00583355617886783,-0.0208823553850954,0.00921524302735978,0.4473833894619
"25011",CONTINUOUS,32779,0.000724542318197983,-0.0154708604703504,0.0169199451067464,0.930125838348441
"25012",CONTINUOUS,32779,0.00149991653213623,-0.0145187875656805,0.0175186206299529,0.8543843814272
"25013",CONTINUOUS,32779,-0.0154199468037416,-0.0332571849820483,0.00241729137456512,0.0901962410522988
"25014",CONTINUOUS,32779,-0.0163001179957578,-0.0342184558814843,0.00161821988996873,0.0745916692024561
"25015",CONTINUOUS,32779,0.00349078887498774,-0.0128392468227769,0.0198208245727524,0.675228349067603
"25016",CONTINUOUS,32779,0.00479032425291945,-0.011504469437777,0.0210851179436159,0.564477745893805
"25017",CONTINUOUS,32779,0.00312717900862256,-0.0146564556453639,0.020910813662609,0.730348938950785
"25018",CONTINUOUS,32779,-0.00698985770099448,-0.0246624516890881,0.0106827362870991,0.438207665851953
"25019",CONTINUOUS,32779,-0.00593923289095428,-0.0236623510304539,0.0117838852485453,0.511293498760873
"25020",CONTINUOUS,32779,0.0141953476589062,-0.00351616315654668,0.0319068584743592,0.116210473929268
"25021",CONTINUOUS,32779,0.00523268038202437,-0.0129780713702213,0.0234434321342701,0.573304472440739
"25022",CONTINUOUS,32779,-0.0134172330815062,-0.0318157930338993,0.0049813268708869,0.152908766578487
"25023",CONTINUOUS,32779,-0.00321562553859712,-0.0205444930168891,0.0141132419396949,0.716074301547603
"25024",CONTINUOUS,32779,-0.00872456434966822,-0.0258750270469149,0.00842589834757847,0.318730764934106
"25025",CONTINUOUS,32779,0.0095408744494257,-0.00743913985025951,0.0265208887491109,0.270764679653844
"25026",CONTINUOUS,29914,0.000842573840404072,-0.0187110606517417,0.0203962083325498,0.932692030162751
"25027",CONTINUOUS,29914,-0.0045841563413527,-0.0241145441804353,0.0149462314977299,0.645476682528805
"25028",CONTINUOUS,29914,0.00895520480959438,-0.0106193343333753,0.028529743952564,0.369883499325663
"25029",CONTINUOUS,29914,-0.000755147821656902,-0.0203317668085408,0.018821471165227,0.939732555386274
"25030",CONTINUOUS,29914,0.0147075553369413,-0.00482235497180774,0.0342374656456903,0.139936576510124
"25031",CONTINUOUS,29914,0.00900094208787216,-0.0105480145510548,0.0285498987267991,0.366817510808344
"25032",CONTINUOUS,29914,0.0020777700959842,-0.0177674294358389,0.0219229696278073,0.837406063731636
"25033",CONTINUOUS,29914,0.00659527851593252,-0.0132499579355029,0.026440514967368,0.514798360772433
"25034",CONTINUOUS,29914,0.0129156910517189,-0.00672641222861041,0.0325577943320481,0.197467476325176
"25035",CONTINUOUS,29914,-0.00227793652720088,-0.0218750424240176,0.0173191693696158,0.81977814585066
"25036",CONTINUOUS,29914,0.0220780169256652,0.00242386705557543,0.041732166795755,0.0276893406375139
"25037",CONTINUOUS,29914,0.0122673776248539,-0.00736443385326941,0.0318991891029771,0.220668885775519
"25038",CONTINUOUS,29914,0.0187194791800873,-0.0011444615967718,0.0385834199569464,0.064740294116659
"25039",CONTINUOUS,29914,0.00984328220793431,-0.0100108739761361,0.0296974383920047,0.331183205425105
"25040",CONTINUOUS,27391,0.014282154550103,-0.0062866584442364,0.0348509675444423,0.173531159170739
"25042",CONTINUOUS,27391,0.0116789044021034,-0.00886414899371208,0.0322219577979188,0.265157782294549
"25044",CONTINUOUS,27391,0.00925918679726027,-0.0113254989053783,0.0298438724998989,0.377974182343213
"25046",CONTINUOUS,27391,0.00592154774431956,-0.0146074941261572,0.0264505896147963,0.57182578643211
"25048",CONTINUOUS,27391,-0.00754015592792963,-0.027962589037302,0.0128822771814427,0.469274969919756
"25050",CONTINUOUS,27391,-0.00487685943432922,-0.0250311299909001,0.0152774111222416,0.63529963793467
"25052",CONTINUOUS,27391,-0.00127728999094293,-0.0218949527382684,0.0193403727563825,0.903353254695793
"25054",CONTINUOUS,27391,0.00292393764197413,-0.0174917609031643,0.0233396361871126,0.778928374261789
"25056",CONTINUOUS,31171,0.0099449833569628,-0.00882540738239704,0.0287153740963226,0.299057393628218
"25057",CONTINUOUS,31171,-0.00433778489797924,-0.0236991493296555,0.015023579533697,0.660567518513614
"25058",CONTINUOUS,31171,-0.00540628894630913,-0.0235156245556898,0.0127030466630715,0.558456083203497
"25059",CONTINUOUS,31171,2.25089258973468e-05,-0.018611791464816,0.0186568093166107,0.998110952744315
"25060",CONTINUOUS,31171,0.0185694583483317,-0.000865316848565435,0.0380042335452288,0.0611093697768839
"25061",CONTINUOUS,31171,-0.00411517485315571,-0.0205536821207344,0.012323332414423,0.623662220143024
"25062",CONTINUOUS,31171,0.0184281998691893,-7.41541846707404e-05,0.0369305539230494,0.0509252323106055
"25063",CONTINUOUS,31171,0.0200326866238049,0.00117820651229781,0.038887166735312,0.0373029531157294
"25064",CONTINUOUS,31171,-0.0074336050910481,-0.0259430459488723,0.0110758357667761,0.431185562242344
"25065",CONTINUOUS,31171,-0.00684549086055251,-0.0255356380951716,0.0118446563740666,0.472831577971004
"25066",CONTINUOUS,31171,-0.00211899971500864,-0.0209159034057823,0.0166779039757651,0.825126653574185
"25067",CONTINUOUS,31171,0.00364966999731866,-0.0152275991256771,0.0225269391203144,0.704729202155267
"25068",CONTINUOUS,31171,-0.00643409330262526,-0.0254041397663319,0.0125359531610813,0.50619027578381
"25069",CONTINUOUS,31171,0.00170746365934821,-0.0172279741345131,0.0206429014532095,0.859711774051937
"25070",CONTINUOUS,31171,-0.0128293669074297,-0.0315302281560451,0.00587149434118578,0.178748748221061
"25071",CONTINUOUS,31171,-0.00583894119874893,-0.0242551625714808,0.0125772801739829,0.534315326390228
"25072",CONTINUOUS,31171,0.0098850791512721,-0.00897820637721206,0.0287483646797563,0.304364591356274
"25073",CONTINUOUS,31171,0.0156764670597126,-0.00302782368900791,0.0343807578084331,0.100444416465994
"25074",CONTINUOUS,31171,0.0149057093450243,-0.00435267679326869,0.0341640954833173,0.12926612012498
"25075",CONTINUOUS,31171,0.0142589602153553,-0.00485001212876493,0.0333679325594755,0.143596241566009
"25076",CONTINUOUS,31171,0.0253418266148354,0.00605042742637951,0.0446332258032913,0.0100351267034955
"25077",CONTINUOUS,31171,0.0190026226326267,-0.000189637395822066,0.0381948826610754,0.0523069485056708
"25078",CONTINUOUS,31171,0.00296994258922312,-0.0149702057746084,0.0209100909530546,0.745577370209811
"25079",CONTINUOUS,31171,0.00304583549202751,-0.0144393294810729,0.0205310004651279,0.732782194830978
"25080",CONTINUOUS,31171,0.0208346615527526,0.00184706402015189,0.0398222590853533,0.0315069446863536
"25081",CONTINUOUS,31171,0.0219205340690638,0.0030642726313572,0.0407767955067704,0.0226999610294483
"25082",CONTINUOUS,31171,0.00774402820889312,-0.0115915157002101,0.0270795721179964,0.432453341211654
"25083",CONTINUOUS,31171,0.00887036123520988,-0.0102783108447539,0.0280190333151737,0.36390538589742
"25084",CONTINUOUS,31171,0.0119573540245076,-0.00615625248825133,0.0300709605372665,0.195715305416605
"25085",CONTINUOUS,31171,0.0179589378995181,-0.000196297341895732,0.036114173140932,0.0525288849463686
"25086",CONTINUOUS,31171,0.00865412029717088,-0.0102520649222361,0.0275603055165779,0.369624951849502
"25087",CONTINUOUS,31171,0.018643708469868,-0.000297927321442033,0.037585344261178,0.0537137134272021
"25088",CONTINUOUS,31171,0.00440525377366077,-0.0138970007345109,0.0227075082818324,0.637093500454821
"25089",CONTINUOUS,31171,0.0185783625492602,0.000103798542761328,0.0370529265557591,0.0487267042324217
"25090",CONTINUOUS,31171,-0.00651107148863428,-0.0252865132007911,0.0122643702235226,0.496689572397679
"25091",CONTINUOUS,31171,-0.0055517110047517,-0.0242030026683811,0.0130995806588778,0.559613377886553
"25092",CONTINUOUS,31171,-0.0289576485384498,-0.0480065724314804,-0.00990872464541927,0.00288848637779777
"25093",CONTINUOUS,31171,-0.014390122990389,-0.0334170102546626,0.0046367642738845,0.138247347136976
"25094",CONTINUOUS,31171,-0.00218617390609994,-0.0191668679284236,0.0147945201162237,0.800776280469065
"25095",CONTINUOUS,31171,-0.00565023937805271,-0.022545387663238,0.0112449089071325,0.512153529269405
"25096",CONTINUOUS,31171,0.0063703592515859,-0.0127253483855901,0.0254660668887619,0.513198713975705
"25097",CONTINUOUS,31171,0.014098764801513,-0.00491836136168814,0.0331158909647142,0.146200821854401
"25098",CONTINUOUS,31171,0.00356791188047576,-0.0148792403333712,0.0220150640943227,0.70461879820322
"25099",CONTINUOUS,31171,0.0177256023000712,-0.000519938409259395,0.0359711430094018,0.0568952473335143
"25100",CONTINUOUS,31171,0.00982675202492815,-0.00941340509536878,0.0290669091452251,0.316798618728297
"25101",CONTINUOUS,31171,0.0190797989060281,-0.000200906762337586,0.0383605045743938,0.0524353492171912
"25102",CONTINUOUS,31171,-0.0156418123493493,-0.0342788086230944,0.00299518392439588,0.0999719189055101
"25103",CONTINUOUS,31171,-0.00760814156383238,-0.0267704026408067,0.0115541195131419,0.436451137052648
"25104",CONTINUOUS,31171,-0.0191974893640404,-0.0383252299903633,-6.97487377174268e-05,0.0491704739756066
"25105",CONTINUOUS,31171,-0.0143870037886826,-0.0335606330747081,0.00478662549734299,0.141376037475178
"25106",CONTINUOUS,31171,0.0157500967697426,-0.00187626596583295,0.0333764595053182,0.0798867732461657
"25107",CONTINUOUS,31171,0.0122687709169055,-0.00580561973661821,0.0303431615704293,0.183375951732607
"25108",CONTINUOUS,31171,0.012282618802106,-0.00608088503460183,0.0306461226388139,0.189869771947487
"25109",CONTINUOUS,31171,0.0071172676983304,-0.0091295664816637,0.0233641018783245,0.390547506216724
"25110",CONTINUOUS,31171,-0.0128793990945909,-0.0322217687619698,0.00646297057278807,0.191861172906884
"25111",CONTINUOUS,31171,-0.00854653023447713,-0.0279969146118179,0.0109038541428636,0.389109855679292
"25112",CONTINUOUS,31171,-4.42144968277336e-05,-0.0189173922952501,0.0188289633015947,0.996336301908867
"25113",CONTINUOUS,31171,-0.00432206947098192,-0.0232481477182234,0.0146040087762596,0.654440547177851
"25114",CONTINUOUS,31171,-0.00362171543676848,-0.0224534439272022,0.0152100130536653,0.706209869935476
"25115",CONTINUOUS,31171,-0.00509724905070497,-0.0238008985915945,0.0136064004901845,0.593232009752144
"25116",CONTINUOUS,31171,0.00120926687542449,-0.017852747737579,0.0202712814884279,0.901045187012534
"25117",CONTINUOUS,31171,0.000124386889628016,-0.0187649454623334,0.0190137192415894,0.989702127971402
"25118",CONTINUOUS,31171,-0.0213636835479938,-0.0405311008171352,-0.00219626627885246,0.0289235575152882
"25119",CONTINUOUS,31171,-0.026538222997961,-0.0459364351823525,-0.00714001081356953,0.00733351934348632
"25120",CONTINUOUS,31171,-0.007909196131033,-0.0255377955594023,0.00971940329733628,0.379198847972471
"25121",CONTINUOUS,31171,-0.0126990078346166,-0.030396595824228,0.00499858015499477,0.159603993769854
"25122",CONTINUOUS,31171,-0.0158793638928504,-0.0343756181410726,0.00261689035537184,0.0924375093881573
"25123",CONTINUOUS,31171,-0.0180494150865889,-0.036492033333726,0.000393203160548191,0.0550882732613232
"25124",CONTINUOUS,31171,-0.0196744291905269,-0.0384309571378893,-0.000917901243164407,0.0397946873420287
"25125",CONTINUOUS,31171,-0.0191054754728773,-0.0380796836451403,-0.000131267300614354,0.0484360573834883
"25126",CONTINUOUS,31171,-0.00698787200826178,-0.0246976399734377,0.0107218959569141,0.4392990659296
"25127",CONTINUOUS,31171,-0.0110357418878052,-0.0286907718155385,0.00661928803992813,0.22051864044186
"25128",CONTINUOUS,31171,-0.00351074573234413,-0.0212631072065731,0.0142416157418849,0.698298567291302
"25129",CONTINUOUS,31171,-0.00353479322861092,-0.0210919900899677,0.0140224036327458,0.69312959678496
"25130",CONTINUOUS,31171,0.00303864348445791,-0.0147366884177212,0.020813975386637,0.737579510801995
"25131",CONTINUOUS,31171,0.000940028207536964,-0.0170800688943777,0.0189601253094516,0.91856162509688
"25132",CONTINUOUS,31171,-0.0167177234396427,-0.0351566185910791,0.00172117171179378,0.0755646792963402
"25133",CONTINUOUS,31171,-0.0200793980763041,-0.0382134019696445,-0.00194539418296365,0.0299908320570144
"25134",CONTINUOUS,31171,-0.0125194807484349,-0.0313349711531726,0.00629600965630286,0.192183687725139
"25135",CONTINUOUS,31171,-0.0172369576285598,-0.0357088471481153,0.00123493189099575,0.0674088143992895
"25136",CONTINUOUS,31171,-0.0143263662846628,-0.0321498136372543,0.0034970810679288,0.11515884439542
"25137",CONTINUOUS,31171,-0.0240750443227983,-0.0419186777252854,-0.00623141092031112,0.00818450766190219
"25138",CONTINUOUS,31171,-0.00663119704461816,-0.0256522808453332,0.0123898867560969,0.49441221248346
"25139",CONTINUOUS,31171,-0.00314349749206056,-0.0221667629894543,0.0158797680053331,0.746026040584241
"25140",CONTINUOUS,31171,-0.00138333463810086,-0.0206347674616162,0.0178680981854145,0.887996446308928
"25141",CONTINUOUS,31171,-0.0156165066435276,-0.0347616649205359,0.0035286516334807,0.109878662288741
"25142",CONTINUOUS,31171,0.00710365200022437,-0.0102071736116961,0.0244144776121448,0.421218328117293
"25143",CONTINUOUS,31171,-0.00110907327554187,-0.0186533831829299,0.0164352366318462,0.901391272921551
"25144",CONTINUOUS,31171,-0.000520512224163674,-0.0187882348005527,0.0177472103522253,0.955462857481741
"25145",CONTINUOUS,31171,-0.00624190390249876,-0.024629859572821,0.0121460517678235,0.50583311085118
"25146",CONTINUOUS,31171,-0.00289292730686487,-0.0200682822566877,0.014282427642958,0.741297189998364
"25147",CONTINUOUS,31171,-0.013845973012623,-0.0308766512248226,0.00318470519957672,0.11105456398956
"25148",CONTINUOUS,31171,-0.0103968733966493,-0.0291691105936289,0.00837536380033032,0.277684472324797
"25149",CONTINUOUS,31171,-0.018868697692985,-0.0378063161263546,6.89207403846252e-05,0.0508395747392049
"25150",CONTINUOUS,31171,0.0132614719426508,-0.00485152027350065,0.0313744641588022,0.15128339226605
"25151",CONTINUOUS,31171,0.00509520449322227,-0.0135055134159135,0.0236959224023581,0.591337553180832
"25152",CONTINUOUS,31171,-0.00248197356807275,-0.0217614947840068,0.0167975476478613,0.800789016848966
"25153",CONTINUOUS,31171,0.00291357378214745,-0.0164428740235208,0.0222700215878157,0.767973368259869
"25154",CONTINUOUS,31171,0.00348929502205895,-0.0155638563746257,0.0225424464187436,0.719633759971465
"25155",CONTINUOUS,31171,-0.0077495831526219,-0.0255067981416939,0.0100076318364501,0.39233717807428
"25156",CONTINUOUS,31171,0.0320653287438893,0.0138663199190802,0.0502643375686983,0.000554204586607492
"25157",CONTINUOUS,31171,-0.00505006647252367,-0.0236250293185593,0.013524896373512,0.594116466135373
"25158",CONTINUOUS,31171,0.00678991722609792,-0.0123034721032828,0.0258833065554787,0.485794290083687
"25159",CONTINUOUS,31171,0.0140248789704996,-0.00519520018671647,0.0332449581277156,0.152658179231217
"25160",CONTINUOUS,31171,-0.00366256611380943,-0.0227139581688343,0.0153888259412154,0.706316529820618
"25161",CONTINUOUS,31171,-0.00880537471685184,-0.027926809975574,0.0103160605418703,0.366748519237732
"25162",CONTINUOUS,31171,0.0121064506954558,-0.0064042560336343,0.0306171574245459,0.199882443151789
"25163",CONTINUOUS,31171,0.00989917979841496,-0.00881485153160298,0.0286132111284329,0.299835073312462
"25164",CONTINUOUS,31171,-0.00270512411648445,-0.0219959552009458,0.0165857069679769,0.783430636093548
"25165",CONTINUOUS,31171,0.0168745999995565,-0.00241008129227641,0.0361592812913893,0.0863393432524895
"25166",CONTINUOUS,31171,-0.024213067893794,-0.043187106421425,-0.00523902936616307,0.0123810915530624
"25167",CONTINUOUS,31171,-0.0250442391650679,-0.0440089874932429,-0.00607949083689295,0.00964771887888812
"25168",CONTINUOUS,31171,0.00359705778618472,-0.0136524259088974,0.0208465414812668,0.682740782943997
"25169",CONTINUOUS,31171,0.00138778778263988,-0.0163176461116337,0.0190932216769134,0.877900962320482
"25170",CONTINUOUS,31171,0.0195171336149297,0.00038594403547422,0.0386483231943852,0.0455541840216862
"25171",CONTINUOUS,31171,0.019336339090895,0.000285931136265724,0.0383867470455243,0.0466593201758887
"25172",CONTINUOUS,31171,0.003351567176643,-0.0160849633007356,0.0227880976540216,0.735378686399046
"25173",CONTINUOUS,31171,0.0027143502476594,-0.0166110027682724,0.0220397032635912,0.783088948273967
"25174",CONTINUOUS,31171,0.0058420478780419,-0.0134310940312299,0.0251151897873137,0.552433065691243
"25175",CONTINUOUS,31171,0.00137692563231866,-0.0178314709496776,0.0205853222143149,0.888263811243388
"25176",CONTINUOUS,31171,0.021123151841092,0.00239734016520019,0.0398489635169838,0.0270450859243528
"25177",CONTINUOUS,31171,0.0196887766719636,0.00104831737865684,0.0383292359652703,0.0384352427846092
"25178",CONTINUOUS,31171,-0.00217323470248785,-0.0203737376934321,0.0160272682884564,0.814956248201841
"25179",CONTINUOUS,31171,0.00047404920075253,-0.0181032081294651,0.0190513065309701,0.960110157203254
"25180",CONTINUOUS,31171,-0.00214153457274713,-0.021226455961757,0.0169433868162627,0.825921112762601
"25181",CONTINUOUS,31171,-0.00488396501237661,-0.0239652055019902,0.014197275477237,0.615892829686827
"25182",CONTINUOUS,31171,0.00128312151732612,-0.0179965220330929,0.0205627650677452,0.896213705625097
"25183",CONTINUOUS,31171,0.0169664543353511,-0.00232306402383633,0.0362559726945384,0.0847196174565582
"25184",CONTINUOUS,31171,-0.0169246501277441,-0.0351217868546668,0.00127248659917865,0.0683161883089441
"25185",CONTINUOUS,31171,0.00409419156040166,-0.0144168937374667,0.02260527685827,0.664645761135256
"25186",CONTINUOUS,31171,-0.0222475519160655,-0.0412722695724683,-0.00322283425966271,0.0219079078947731
"25187",CONTINUOUS,31171,-0.0192585347286874,-0.0382708115645354,-0.000246257892839462,0.047105659988782
"25188",CONTINUOUS,31171,-0.0277610503226954,-0.0471475506054332,-0.00837455003995757,0.00500774379678002
"25189",CONTINUOUS,31171,-0.0158663369704851,-0.0351769226810977,0.00344424874012741,0.107310634564524
"25190",CONTINUOUS,31171,-0.00761715274299513,-0.0260625994308089,0.0108282939448187,0.418285648659863
"25191",CONTINUOUS,31171,-0.0123094231143568,-0.030560559306408,0.00594171307769438,0.186196804667193
"25192",CONTINUOUS,31171,0.00452714275071568,-0.0145685128048486,0.02362279830628,0.642163414536916
"25193",CONTINUOUS,31171,-0.000276833171058134,-0.0195529681850348,0.0189993018429185,0.977543484744797
"25194",CONTINUOUS,31171,-0.000381746539536221,-0.0198524727398305,0.0190889796607581,0.969345966892741
"25195",CONTINUOUS,31171,0.00708103257507673,-0.0122847112837054,0.0264467764338588,0.473574807965889
"25196",CONTINUOUS,31171,0.0070727641274676,-0.0122625798167094,0.0264081080716446,0.473396699081975
"25197",CONTINUOUS,31171,-0.00530993263449304,-0.0245782675445988,0.0139584022756127,0.589101383501726
"25198",CONTINUOUS,31171,-0.0247896893722916,-0.0437761526527646,-0.00580322609181854,0.0104981968091484
"25199",CONTINUOUS,31171,-0.0195835935838921,-0.0380598095205133,-0.00110737764727085,0.0377621558689752
"25200",CONTINUOUS,31171,-0.0109644604024737,-0.0300025826242905,0.00807366181934311,0.258978707770754
"25201",CONTINUOUS,31171,-0.0179115792528701,-0.0369218312019902,0.00109867269624997,0.0647910931152604
"25202",CONTINUOUS,31171,0.020639543768787,0.00251168521780505,0.0387674023197689,0.025647748719874
"25203",CONTINUOUS,31171,0.0188998954418069,0.000424409254972849,0.0373753816286409,0.0449647165651145
"25204",CONTINUOUS,31171,0.0281948689940207,0.0100990851901962,0.0462906527978452,0.00226062994455126
"25205",CONTINUOUS,31171,0.0082997348039789,-0.00805165941957647,0.0246511290275343,0.319798239363267
"25206",CONTINUOUS,31171,-0.00281920908074765,-0.0221789022417855,0.0165404840802902,0.775319558773123
"25207",CONTINUOUS,31171,0.00242414194088562,-0.0169532425829351,0.0218015264647064,0.80629995907152
"25208",CONTINUOUS,31171,-0.00415175260327958,-0.0234369578262925,0.0151334526197334,0.673056494465213
"25209",CONTINUOUS,31171,-0.0092465559522137,-0.0285152510327584,0.010022139128331,0.346930838351408
"25210",CONTINUOUS,31171,0.000704855002258803,-0.0182885872522809,0.0196982972567985,0.942015112967782
"25211",CONTINUOUS,31171,-0.00143494606520311,-0.0206850072207129,0.0178151150903067,0.883838552902492
"25212",CONTINUOUS,31171,-0.000905455722445413,-0.019891417990487,0.0180805065455962,0.925526109414483
"25213",CONTINUOUS,31171,-0.00076588022775344,-0.0196086226212511,0.0180768621657443,0.936502142844628
"25214",CONTINUOUS,31171,-0.0340084440265982,-0.0529497747837612,-0.0150671132694353,0.000433503403095975
"25215",CONTINUOUS,31171,-0.0361582652732771,-0.0553397488534781,-0.0169767816930761,0.000220440793774097
"25216",CONTINUOUS,31171,-0.00145621254354763,-0.0188885117211706,0.0159760866340753,0.869942741340369
"25217",CONTINUOUS,31171,-0.00482676025596325,-0.0225943912312248,0.0129408707192983,0.594407682181148
"25218",CONTINUOUS,31171,-0.00140703491856482,-0.0201643408006716,0.0173502709635419,0.883111048109217
"25219",CONTINUOUS,31171,-0.00431506734961961,-0.0232678898434012,0.014637755144162,0.655419454400594
"25220",CONTINUOUS,31171,-0.00646192107467848,-0.0250478014457828,0.0121239592964258,0.495582443173177
"25221",CONTINUOUS,31171,-0.00959202384394362,-0.0287376496388497,0.00955360195096242,0.326113972926979
"25222",CONTINUOUS,31171,-0.00937035009837411,-0.0281339988721924,0.00939329867544419,0.327675793549335
"25223",CONTINUOUS,31171,-0.0147813024955354,-0.0336227273049811,0.00406012231391028,0.124138794533249
"25224",CONTINUOUS,31171,0.00919720451973563,-0.00908316131140008,0.0274775703508713,0.32407502088728
"25225",CONTINUOUS,31171,0.00945405767216321,-0.00864032316780051,0.0275484385121269,0.305799198620729
"25226",CONTINUOUS,31171,0.00629583236312297,-0.0108713548056903,0.0234630195319363,0.472258414925489
"25227",CONTINUOUS,31171,0.00405963253118617,-0.013666252508028,0.0217855175704003,0.653511271538006
"25228",CONTINUOUS,31171,-0.0137039121123628,-0.0327889955274999,0.00538117130277439,0.15932078212794
"25229",CONTINUOUS,31171,-0.0148129446300726,-0.0336981357273379,0.00407224646719271,0.124207182662304
"25230",CONTINUOUS,31171,-0.0107951116416669,-0.0296410753406437,0.00805085205730991,0.261562559128832
"25231",CONTINUOUS,31171,-0.00782431514544825,-0.0267130241385165,0.01106439384762,0.416848257204863
"25232",CONTINUOUS,31171,-0.0188830862318264,-0.0374377771937169,-0.000328395269935885,0.0460809848253769
"25233",CONTINUOUS,31171,-0.0185956144726851,-0.0371848407498151,-6.38819555500922e-06,0.0499213263304558
"25234",CONTINUOUS,31171,-0.012385809392285,-0.031801448032546,0.00702982924797601,0.21117471820252
"25235",CONTINUOUS,31171,-0.00763159710243424,-0.0270302982417199,0.0117671040368514,0.440656612876934
"25236",CONTINUOUS,31171,-0.0259689962952772,-0.0451754941071844,-0.00676249848336999,0.00804945224711362
"25237",CONTINUOUS,31171,-0.0270998832019301,-0.0463736806367342,-0.00782608576712596,0.00585630545803951
"25238",CONTINUOUS,31171,0.00832622174307451,-0.0104499228495607,0.0271023663357098,0.384758885634742
"25239",CONTINUOUS,31171,-0.00347804510656347,-0.022478873266619,0.015522783053492,0.719762461455871
"25240",CONTINUOUS,31171,0.00611932257433104,-0.0121768725201432,0.0244155176688053,0.512116880716156
"25241",CONTINUOUS,31171,0.00118373451518032,-0.017563810234708,0.0199312792650686,0.901507324169956
"25242",CONTINUOUS,31171,-0.00113042675178087,-0.0192089505556702,0.0169480970521085,0.902457286655804
"25243",CONTINUOUS,31171,-0.00538063898562296,-0.0232011786565505,0.0124399006853046,0.55398606807882
"25244",CONTINUOUS,31171,-0.000458954513353539,-0.0195038566262881,0.0185859475995811,0.962326932988133
"25245",CONTINUOUS,31171,-0.00553073859114081,-0.0247823708569776,0.013720893674696,0.57337524129107
"25246",CONTINUOUS,31171,0.00459335286215288,-0.0136053743664341,0.0227920800907399,0.620805856396216
"25247",CONTINUOUS,31171,-0.00111511716794754,-0.0196209691544309,0.0173907348185358,0.905983476501135
"25248",CONTINUOUS,31171,-0.0167536222153309,-0.0358513990354269,0.00234415460476504,0.0855414472538104
"25249",CONTINUOUS,31171,-0.0138563433970613,-0.0332030829558317,0.00549039616170916,0.160387820952014
"25250",CONTINUOUS,31171,0.0075285664725879,-0.0106190561911191,0.0256761891362949,0.416152387364991
"25251",CONTINUOUS,31171,0.00440030982642029,-0.0140468905781926,0.0228475102310331,0.64011762890892
"25252",CONTINUOUS,31171,-0.0167126150517702,-0.0361887319076737,0.00276350180413334,0.0925931218996952
"25253",CONTINUOUS,31171,0.0060729233124074,-0.010243675389505,0.0223895220143198,0.465693300256558
"25254",CONTINUOUS,31171,-0.0170409984941227,-0.0361522964535446,0.00207029946529931,0.0805237945839962
"25255",CONTINUOUS,31171,-0.0176477866451711,-0.0369537727920341,0.00165819950169195,0.0731921075433812
"25256",CONTINUOUS,31171,0.00518802467937861,-0.0133276035800804,0.0237036529388376,0.582873855633403
"25257",CONTINUOUS,31171,0.00152357466965837,-0.0171043786561266,0.0201515279954433,0.872637060407196
"25258",CONTINUOUS,31171,-0.00696040241344962,-0.0256052893637059,0.0116844845368066,0.464350503637073
"25259",CONTINUOUS,31171,-0.0105923479091914,-0.0291096995196544,0.0079250037012716,0.262216606715064
"25260",CONTINUOUS,31171,0.00233695219905098,-0.0167723981790119,0.0214463025771139,0.81056405078335
"25261",CONTINUOUS,31171,-0.00378754023725747,-0.0228034196715423,0.0152283391970274,0.69624611345801
"25262",CONTINUOUS,31171,0.00692330650902504,-0.0120969011375956,0.0259435141556457,0.475572956976971
"25263",CONTINUOUS,31171,0.00393047722262408,-0.0149022113497776,0.0227631657950258,0.682490895902392
"25264",CONTINUOUS,31171,-0.010940408623449,-0.0299300884842072,0.00804927123730915,0.258811202586713
"25265",CONTINUOUS,31171,-0.0159269679902888,-0.0346205071316313,0.00276657115105364,0.0949369639805219
"25266",CONTINUOUS,31171,-0.0258718781698787,-0.0452190723935845,-0.00652468394617276,0.00877025647400979
"25267",CONTINUOUS,31171,-0.0264296288396447,-0.0453496558571218,-0.00750960182216762,0.00618481921660762
"25268",CONTINUOUS,31171,-0.0219903039129311,-0.0410867882702322,-0.0028938195556301,0.0240113305096961
"25269",CONTINUOUS,31171,-0.0179297885843756,-0.0370348276034118,0.00117525043466057,0.0658559097877454
"25270",CONTINUOUS,31171,-0.00701078578969686,-0.0247508033252312,0.0107292317458375,0.438581797487838
"25271",CONTINUOUS,31171,-0.0093607543073253,-0.0268930017514666,0.00817149313681599,0.295339484632657
"25272",CONTINUOUS,31171,-0.0184224876306753,-0.0372000158934813,0.000355040632130762,0.0544916405972602
"25273",CONTINUOUS,31171,-0.0197537534420389,-0.0385382373409393,-0.000969269543138501,0.0392944192797997
"25274",CONTINUOUS,31171,0.000284308904633126,-0.0188413736344245,0.0194099914436908,0.976755852577017
"25275",CONTINUOUS,31171,-0.00194818972176018,-0.020908915070355,0.0170125356268347,0.840393726595958
"25276",CONTINUOUS,31171,-0.0113944307257279,-0.0295471063552161,0.00675824490376023,0.218587785435715
"25277",CONTINUOUS,31171,-0.0160742849725955,-0.0341100531441855,0.00196148319899447,0.0806687688080339
"25278",CONTINUOUS,31171,-0.0138556657656685,-0.0328498689938792,0.00513853746254227,0.152788244012586
"25279",CONTINUOUS,31171,-0.0237482995537138,-0.0426076572265426,-0.00488894188088507,0.0135868784153293
"25280",CONTINUOUS,31171,-0.00800142293843968,-0.0254064217677215,0.00940357589084216,0.367558433734676
"25281",CONTINUOUS,31171,-0.0236216701949677,-0.041198722305375,-0.00604461808456041,0.00844064650501041
"25282",CONTINUOUS,31171,0.00781001140542325,-0.0108362335133526,0.0264562563241991,0.411671827275843
"25283",CONTINUOUS,31171,0.00708300958665517,-0.0115150267794277,0.0256810459527381,0.455385703585763
"25284",CONTINUOUS,31171,0.0207074095711014,0.00155623020474359,0.0398585889374592,0.0340718659432307
"25285",CONTINUOUS,31171,0.00101467239038275,-0.0179790567701102,0.0200084015508757,0.916608051961101
"25286",CONTINUOUS,31171,0.00643666865446333,-0.0101278688914062,0.0230012062003329,0.446283733521473
"25287",CONTINUOUS,31171,0.0044141459544909,-0.0121672798875615,0.0209955717965433,0.601825251909948
"25288",CONTINUOUS,31171,-0.00288685177275134,-0.0216254804604144,0.0158517769149118,0.762683386735268
"25289",CONTINUOUS,31171,-0.00679837405049319,-0.025629688762798,0.0120329406618116,0.479197405628581
"25290",CONTINUOUS,31171,-0.00447835888011225,-0.0221035381622383,0.0131468204020138,0.618470601435973
"25291",CONTINUOUS,31171,-0.0165877311871819,-0.0340243598098078,0.000848897435444088,0.0622446269450521
"25292",CONTINUOUS,31171,-0.0129916767765105,-0.0319678343041646,0.00598448075114357,0.179636452448884
"25293",CONTINUOUS,31171,-0.0170065237617741,-0.0360019295623359,0.00198888203878774,0.0793003698670257
"25294",CONTINUOUS,31171,0.0192872504429907,0.000650090733170516,0.0379244101528108,0.0425269987704968
"25295",CONTINUOUS,31171,0.0108039028644072,-0.00835388977251902,0.0299616955013335,0.269016102932191
"25296",CONTINUOUS,31171,-0.0202282373719387,-0.0392964332131105,-0.00116004153076692,0.0375995950953612
"25297",CONTINUOUS,31171,-0.00864042264599799,-0.0278635917266124,0.0105827464346164,0.378325645346778
"25298",CONTINUOUS,31171,0.0108875336599259,-0.00665476150649253,0.0284298288263444,0.223808043574337
"25299",CONTINUOUS,31171,0.00727956676862427,-0.0111420184333792,0.0257011519706278,0.438617765575261
"25300",CONTINUOUS,31171,0.000502894205573033,-0.018056121076035,0.0190619094871811,0.957643593657393
"25301",CONTINUOUS,31171,0.00688016593074282,-0.00938017148356437,0.02314050334505,0.40691654147067
"25302",CONTINUOUS,31171,-0.0183094059072179,-0.0374281205612574,0.0008093087468217,0.060517803691347
"25303",CONTINUOUS,31171,-0.0148999951357131,-0.0342258670545746,0.00442587678314854,0.13075646166212
"25304",CONTINUOUS,31171,0.0011628391536065,-0.017481565827132,0.019807244134345,0.902704665873691
"25305",CONTINUOUS,31171,-0.00414729568835649,-0.0229384253427209,0.014643833966008,0.665315210481208
"25306",CONTINUOUS,31171,0.00304863399262929,-0.0156306403260985,0.0217279083113571,0.749048505687115
"25307",CONTINUOUS,31171,-0.00437318337151765,-0.0230677010475552,0.0143213343045199,0.64658959418427
"25308",CONTINUOUS,31171,0.00225470422211939,-0.0169275880355981,0.0214369964798369,0.81779419160616
"25309",CONTINUOUS,31171,-0.00027761985541015,-0.0193432285564989,0.0187879888456786,0.977231079663025
"25310",CONTINUOUS,31171,-0.00854017373424377,-0.027440210497746,0.0103598630292585,0.375805409996153
"25311",CONTINUOUS,31171,-0.0156725704153936,-0.0344409621821378,0.00309582135135055,0.101696136858024
"25312",CONTINUOUS,31171,-0.00702411353004126,-0.0243764177244738,0.0103281906643913,0.42754325102246
"25313",CONTINUOUS,31171,-0.0150139606808612,-0.0325326808914756,0.00250475952975311,0.0930060457340555
"25314",CONTINUOUS,31171,-0.00717194432318822,-0.0257799362258807,0.0114360475795043,0.449988232331076
"25315",CONTINUOUS,31171,-0.00854451459425795,-0.0272518073767672,0.0101627781882513,0.370663580655111
"25316",CONTINUOUS,31171,-0.0241957985870323,-0.043270763658417,-0.00512083351564766,0.0129156759930121
"25317",CONTINUOUS,31171,-0.0203902814415614,-0.0393645509697126,-0.00141601191341015,0.0351850615676463
"25318",CONTINUOUS,31171,-0.00405658388257529,-0.0215213921124106,0.01340822434726,0.648923775605445
"25319",CONTINUOUS,31171,-0.00719955396056077,-0.0244881479225456,0.010089040001424,0.414376632467198
"25320",CONTINUOUS,31171,-0.0054793945344312,-0.0229749530518183,0.0120161639829558,0.539311955428825
"25321",CONTINUOUS,31171,-0.0064739675827947,-0.0237613741974763,0.0108134390318869,0.462944389336076
"25322",CONTINUOUS,31171,-0.00148575356300485,-0.0193414888187653,0.0163699816927556,0.870446655440821
"25323",CONTINUOUS,31171,-0.00261287706660672,-0.020596034858865,0.0153702807256516,0.775810313917886
"25324",CONTINUOUS,31171,-0.0155840777299952,-0.0336444588757763,0.00247630341578583,0.09079062838551
"25325",CONTINUOUS,31171,-0.0212525169424302,-0.0391454559445502,-0.00335957794031014,0.0199154334631272
"25326",CONTINUOUS,31171,-0.00847638997013579,-0.0271046322109373,0.0101518522706657,0.372466788782653
"25327",CONTINUOUS,31171,-0.0161839064710539,-0.0344797086061431,0.0021118956640354,0.0829649762448856
"25328",CONTINUOUS,31171,-0.0129042153523765,-0.0310028210338903,0.00519439032913729,0.162273570449298
"25329",CONTINUOUS,31171,-0.0220618795420075,-0.0401582700355777,-0.00396548904843723,0.016875091446933
"25330",CONTINUOUS,31171,-0.00374226048955715,-0.022550046869861,0.0150655258907467,0.696541407118587
"25331",CONTINUOUS,31171,-0.000481655998968205,-0.019214534140139,0.0182512221422026,0.959807020203331
"25332",CONTINUOUS,31171,0.0101453260328863,-0.00899321329533691,0.0292838653611096,0.298805410093048
"25333",CONTINUOUS,31171,-0.00372618397082063,-0.0227082693062645,0.0152559013646232,0.700420865051597
"25334",CONTINUOUS,31171,0.00440560767973738,-0.0125568393820343,0.0213680547415091,0.610702835125957
"25335",CONTINUOUS,31171,-0.000438195641453863,-0.0173416513033788,0.0164652600204711,0.959476471283119
"25336",CONTINUOUS,31171,-0.00331439463676776,-0.0218652047351025,0.015236415461567,0.726196923574435
"25337",CONTINUOUS,31171,-0.0125749668273558,-0.0310204502815494,0.00587051662683783,0.181483308780176
