varName,varType,n,beta,lower,upper,pvalue
"25338",CONTINUOUS,31171,-0.00108426826222988,-0.0184066888504901,0.0162381523260304,0.902356959804971
"25339",CONTINUOUS,31171,-0.0139205629101772,-0.0311027131666102,0.00326158734625586,0.112301651974124
"25340",CONTINUOUS,31171,-0.0105342587937386,-0.0296360116237907,0.00856749403631356,0.279738655306781
"25341",CONTINUOUS,31171,-0.0238920597977912,-0.0430230399753339,-0.00476107962024853,0.0143774056806536
"25342",CONTINUOUS,31171,0.0106742554739281,-0.00732202652673834,0.0286705374745945,0.245012196073141
"25343",CONTINUOUS,31171,0.00160448172348254,-0.0168923965093246,0.0201013599562897,0.864995112500865
"25344",CONTINUOUS,31169,0.00934732671200612,-0.00976911363828572,0.028463767062298,0.33787013159063
"25345",CONTINUOUS,31169,0.00522796879536169,-0.0140429811378357,0.0244989187285591,0.59491368764179
"25346",CONTINUOUS,31169,0.000335421399803129,-0.0183888707499298,0.0190597135495361,0.971990995218469
"25347",CONTINUOUS,31169,0.00898362805174071,-0.0104385278035109,0.0284057839069923,0.36462141552201
"25348",CONTINUOUS,31169,-0.00455467018538166,-0.0233220609416036,0.0142127205708402,0.634303273178863
"25349",CONTINUOUS,31169,0.0163938864459046,-0.00256704261045268,0.0353548155022619,0.090146453212281
"25350",CONTINUOUS,31169,0.0177175195792246,-0.00127717090603307,0.0367122100644823,0.0675215446146397
"25351",CONTINUOUS,31169,0.00297148292623262,-0.0161464885660269,0.0220894544184921,0.760637323513419
"25352",CONTINUOUS,31169,0.00964505793287652,-0.0089421078729777,0.0282322237387307,0.309121574556448
"25353",CONTINUOUS,31169,0.0113425797173009,-0.00748283551988542,0.0301679949544872,0.237630807971179
"25354",CONTINUOUS,31169,-0.00309761528063364,-0.0219354490657004,0.0157402185044331,0.747226929745692
"25355",CONTINUOUS,31169,0.00701597060646096,-0.0118095503105967,0.0258414915235186,0.465104998195303
"25356",CONTINUOUS,31169,0.013136505801281,-0.00567009755650195,0.0319431091590639,0.170978582960187
"25357",CONTINUOUS,31169,0.0159343361480036,-0.0031025300800844,0.0349712023760916,0.100889961053409
"25358",CONTINUOUS,31169,0.0117430392242886,-0.0072807362112193,0.0307668146597964,0.226327202521711
"25359",CONTINUOUS,31169,0.0211813023028546,0.00193393913227854,0.0404286654734306,0.0310147454856017
"25360",CONTINUOUS,31169,0.0103279806015088,-0.00787829754816618,0.0285342587511838,0.266196906760096
"25361",CONTINUOUS,31169,0.00932512680685679,-0.00902027560862505,0.0276705292223386,0.319109529905925
"25362",CONTINUOUS,31169,0.0197706846529955,0.000894700049105621,0.0386466692568854,0.040086362362908
"25363",CONTINUOUS,31169,0.00550896367624285,-0.0133532760771671,0.0243712034296528,0.567017656014513
"25364",CONTINUOUS,31169,0.0219509072059497,0.0028758684008179,0.0410259460110815,0.0241058831410761
"25365",CONTINUOUS,31169,0.010835848792508,-0.00824513793593997,0.0299168355209559,0.265681892897896
"25366",CONTINUOUS,31169,0.00796165613357028,-0.00989736752973638,0.0258206797968769,0.382235412100483
"25367",CONTINUOUS,31169,0.00586960470798781,-0.0120460178474556,0.0237852272634312,0.520775301171914
"25368",CONTINUOUS,31169,0.00404579540380748,-0.0142417430760485,0.0223333338836635,0.664564270401964
"25369",CONTINUOUS,31169,0.00108556101320062,-0.0170807391477543,0.0192518611741555,0.906761086928734
"25370",CONTINUOUS,31169,-9.08891721915491e-05,-0.0185795693691314,0.0183977910247483,0.992312217873713
"25371",CONTINUOUS,31169,-0.00123615601187234,-0.0198228355165923,0.0173505234928476,0.896284330382122
"25372",CONTINUOUS,31169,0.00829673461017955,-0.0103998554126616,0.0269933246330207,0.384426963808483
"25373",CONTINUOUS,31169,0.0130481670688264,-0.00547179505005468,0.0315681291877074,0.167307731965575
"25374",CONTINUOUS,31169,0.00232903917093808,-0.0165410649859936,0.0211991433278698,0.808845603248905
"25375",CONTINUOUS,31169,0.00538672173480835,-0.0132517563508654,0.0240251998204821,0.571076494324462
"25376",CONTINUOUS,31169,0.0103645476940159,-0.00756860147560938,0.0282976968636411,0.257300918307446
"25377",CONTINUOUS,31169,0.0146111729167837,-0.00329048508494294,0.0325128309185104,0.109660375143568
"25378",CONTINUOUS,31169,-0.00541748329115119,-0.0238636116094693,0.0130286450271669,0.564856994298344
"25379",CONTINUOUS,31169,-0.00588125397233789,-0.0243346411296834,0.0125721331850076,0.532184533214272
"25380",CONTINUOUS,31169,-0.0052554383159373,-0.0242219529911935,0.0137110763593189,0.58705917190663
"25381",CONTINUOUS,31169,-0.00121386956384121,-0.0201514230144529,0.0177236838867705,0.90002109931306
"25382",CONTINUOUS,31169,0.0219861063762362,0.00283505351675555,0.0411371592357169,0.0244433604730905
"25383",CONTINUOUS,31169,0.0117962393025896,-0.00719497308058071,0.0307874516857599,0.223437239935042
"25384",CONTINUOUS,31169,-0.00338919078282913,-0.0222876195063522,0.0155092379406939,0.725209601119967
"25385",CONTINUOUS,31169,0.00128497252177596,-0.0173540611915615,0.0199240062351134,0.892513987872588
"25386",CONTINUOUS,31169,0.0147617307523579,-0.00253559131061224,0.0320590528153281,0.0943923760774518
"25387",CONTINUOUS,31169,0.0133210637453138,-0.00375406679730437,0.030396194287932,0.126246358087008
"25388",CONTINUOUS,31169,-0.000487779719900386,-0.0191972280279559,0.0182216685881552,0.959245523091408
"25389",CONTINUOUS,31169,0.0113842866271245,-0.00728977146228655,0.0300583447165357,0.232134634919891
"25390",CONTINUOUS,31169,0.00192736863762257,-0.0163529948830904,0.0202077321583356,0.836281019846253
"25391",CONTINUOUS,31169,0.00480283648201885,-0.0135999285787416,0.0232056015427793,0.608976536037724
"25392",CONTINUOUS,31169,-0.00548021637154908,-0.0244280253373634,0.0134675925942652,0.57078867068335
"25393",CONTINUOUS,31169,0.0108852156307839,-0.00807363982308085,0.0298440710846487,0.260446921058768
"25394",CONTINUOUS,31169,-0.0110688047763891,-0.0300773032081588,0.00793969365538065,0.253734121486766
"25395",CONTINUOUS,31169,-0.000722646230022558,-0.0198113975904533,0.0183661051304081,0.940850459561174
"25396",CONTINUOUS,31169,-0.0315373391119226,-0.0498610764217992,-0.0132136018020461,0.000743194456652397
"25397",CONTINUOUS,31169,0.0147872342051366,-0.00301962962804286,0.032594098038316,0.103606483403148
"25398",CONTINUOUS,31169,-0.0134711800417137,-0.0322801634530863,0.005337803369659,0.160388336003561
"25399",CONTINUOUS,31169,-0.0156535553150676,-0.0346730852673794,0.00336597463724414,0.10671928662259
"25400",CONTINUOUS,31169,0.00223655252341382,-0.0168727286293673,0.021345833676195,0.81855695141705
"25401",CONTINUOUS,31169,0.0042742343477464,-0.0149080351238441,0.0234565038193369,0.662302691749363
"25402",CONTINUOUS,31169,-0.00586559628590878,-0.0245087267135512,0.0127775341417336,0.53745178420346
"25403",CONTINUOUS,31169,-0.0147942305644304,-0.0337681231060865,0.00417966197722565,0.126454946330932
"25404",CONTINUOUS,31169,0.00888628808670114,-0.00977030281915088,0.0275428789925532,0.350526122107908
"25405",CONTINUOUS,31169,0.00035250060384719,-0.0184140723677902,0.0191190735754846,0.970631731718126
"25406",CONTINUOUS,31169,0.0339363535592467,0.0149179094190426,0.0529547976994509,0.000470331639848093
"25407",CONTINUOUS,31169,0.0323283070677373,0.0133998083426803,0.0512568057927942,0.00081615173829364
"25408",CONTINUOUS,31169,0.00134536157513362,-0.0178379520763916,0.0205286752266588,0.890667089207955
"25409",CONTINUOUS,31169,0.000454996045009932,-0.01889810161071,0.0198080937007298,0.96324596718448
"25410",CONTINUOUS,31169,0.0104676324666424,-0.00869990896379217,0.029635173897077,0.284446566243703
"25411",CONTINUOUS,31169,0.00683159420108289,-0.0123873550899586,0.0260505434921244,0.485984127138219
"25412",CONTINUOUS,31169,-0.0107954251477206,-0.030090063993513,0.00849921369807171,0.27280287160717
"25413",CONTINUOUS,31169,-0.00122996109180629,-0.0206314003150511,0.0181714781314385,0.90111224638578
"25414",CONTINUOUS,31169,0.00739203965276219,-0.012009780673379,0.0267938599789033,0.455208127336452
"25415",CONTINUOUS,31169,0.00931143771071893,-0.00994338789819281,0.0285662633196307,0.343210385617976
"25416",CONTINUOUS,31169,-0.0173220520425474,-0.0365661647999553,0.00192206071486048,0.0776953990455626
"25417",CONTINUOUS,31169,-0.0174369073232079,-0.0365890500092435,0.00171523536282768,0.0743518466797544
"25418",CONTINUOUS,31169,-0.000360635564870861,-0.0186561020848446,0.0179348309551029,0.96918099771553
"25419",CONTINUOUS,31169,-0.00503037979675158,-0.0238271903417509,0.0137664307482477,0.599904242127434
"25420",CONTINUOUS,31169,-0.000520190391244055,-0.0196261736358214,0.0185857928533333,0.957441297235669
"25421",CONTINUOUS,31169,0.00205867697368409,-0.0170376891007442,0.0211550430481124,0.8326534445431
"25422",CONTINUOUS,31169,0.000119886466586652,-0.0191855236367889,0.0194252965699622,0.99028859750033
"25423",CONTINUOUS,31169,-0.0147535999086297,-0.0340113883932599,0.0045041885760005,0.133208525158746
"25424",CONTINUOUS,31169,0.0150682038303548,-0.00424051488852478,0.0343769225492343,0.126130176679211
"25425",CONTINUOUS,31169,-0.000735761318018077,-0.0201512840592048,0.0186797614231686,0.94079066125069
"25426",CONTINUOUS,31169,0.0150631461392272,-0.00401389986722137,0.0341401921456757,0.121719509810701
"25427",CONTINUOUS,31169,0.00869414435892805,-0.0104402108505213,0.0278284995683774,0.373155854050105
"25428",CONTINUOUS,31169,0.0303179255093954,0.0109883683155152,0.0496474827032756,0.00211198180726123
"25429",CONTINUOUS,31169,0.0193604500098301,0.000152808667461781,0.0385680913521984,0.0482051160244871
"25430",CONTINUOUS,31169,0.00513910097384109,-0.0132376512497067,0.0235158531973888,0.583606750886644
"25431",CONTINUOUS,31169,0.00898904612339018,-0.00920779995253378,0.0271858921993141,0.332932664293509
"25432",CONTINUOUS,31169,-0.00626624043853647,-0.025609335234066,0.013076854356993,0.525459452808959
"25433",CONTINUOUS,31169,-0.00780133717632153,-0.0272108539579669,0.0116081796053238,0.430816171024891
"25434",CONTINUOUS,31169,-0.00158839524887463,-0.0209997081013946,0.0178229176036453,0.872577420924607
"25435",CONTINUOUS,31169,-0.00812387372077935,-0.0275600184373373,0.0113122709957786,0.412648379934682
"25436",CONTINUOUS,31169,-0.013220514606431,-0.0325557045366857,0.00611467532382375,0.180194846446056
"25437",CONTINUOUS,31169,-0.00409825348209137,-0.0235261066575601,0.0153295996933773,0.679268649755134
"25438",CONTINUOUS,31169,0.00944119403514615,-0.00982972509926964,0.0287121131695619,0.336931131309567
"25439",CONTINUOUS,31169,-0.00319706441452907,-0.0220434830522128,0.0156493542231547,0.739516360609714
"25440",CONTINUOUS,31169,-0.0163514669675964,-0.0355381033108673,0.00283516937567455,0.0948484982906888
"25441",CONTINUOUS,31169,-0.0105130347261114,-0.0298597724594261,0.00883370300720334,0.286844548443553
"25442",CONTINUOUS,31169,0.020695036266079,0.00288618267334669,0.0385038898588114,0.0227516179725707
"25443",CONTINUOUS,31169,0.0114265654009122,-0.00634403123511814,0.0291971620369425,0.207565646093051
"25444",CONTINUOUS,31169,0.00390675748106818,-0.0150531248315454,0.0228666397936817,0.686308222310137
"25445",CONTINUOUS,31169,0.00690656973801966,-0.00920418353413719,0.0230173230101765,0.400771418541888
"25446",CONTINUOUS,31169,-0.00571520324889447,-0.0251938170598312,0.0137634105620423,0.565232086191926
"25447",CONTINUOUS,31169,-0.00910819686832499,-0.0286062946640709,0.010389900927421,0.359884535045733
"25448",CONTINUOUS,31169,0.00582702386549678,-0.013025080981253,0.0246791287122466,0.544630996894861
"25449",CONTINUOUS,31169,0.000739692370288169,-0.0181216019644361,0.0196009867050124,0.938729183514051
"25450",CONTINUOUS,31169,-0.0077350278998386,-0.0268030621775313,0.0113330063778541,0.426562266448108
"25451",CONTINUOUS,31169,-0.00304137117957313,-0.0218255953562319,0.0157428529970856,0.750978708483465
"25452",CONTINUOUS,31169,0.00361173567753296,-0.0153768210389151,0.022600292393981,0.709291486724636
"25453",CONTINUOUS,31169,0.00800354121734745,-0.0109729095429112,0.0269799919776061,0.408430469247072
"25454",CONTINUOUS,31169,-0.0124396990803707,-0.0315778110137741,0.00669841285303262,0.202666343576221
"25455",CONTINUOUS,31169,-0.0105522769824922,-0.0297272105045336,0.0086226565395491,0.280755747144251
"25456",CONTINUOUS,31169,-0.00151593566009822,-0.020316123770814,0.0172842524506175,0.874421564625429
"25457",CONTINUOUS,31169,-0.00782626280626588,-0.0263774662690478,0.0107249406565161,0.408306208443489
"25458",CONTINUOUS,31169,-0.00338697574908916,-0.0225190486444217,0.0157450971462434,0.728602331168929
"25459",CONTINUOUS,31169,-0.0190337428143689,-0.0377721309222395,-0.000295354706498312,0.0464968295594242
"25460",CONTINUOUS,31169,-0.00647082705115334,-0.0252802002755366,0.0123385461732299,0.500128290870381
"25461",CONTINUOUS,31169,-0.0154661960201907,-0.0347214836459486,0.00378909160556729,0.115419073805364
"25462",CONTINUOUS,31169,-0.00100432358891089,-0.0202416542002676,0.0182330070224458,0.918497112872293
"25463",CONTINUOUS,31169,-0.0164691788929788,-0.0355395850531146,0.00260122726715704,0.0905248282620537
"25464",CONTINUOUS,31169,-0.00576965239446015,-0.0242747441155207,0.0127354393266004,0.541127503215612
"25465",CONTINUOUS,31169,-0.0120492862138778,-0.0304856672163047,0.00638709478854917,0.200201662564077
"25466",CONTINUOUS,31169,-0.00110708616932462,-0.01950821510534,0.0172940427666908,0.906128695465173
"25467",CONTINUOUS,31169,-0.0107904076128824,-0.0295998117647263,0.00801899653896142,0.260844409938563
"25468",CONTINUOUS,31169,-0.0121366169015645,-0.0307983398514006,0.0065251060482717,0.202421951097284
"25469",CONTINUOUS,31169,-0.016449585596883,-0.0350290112974985,0.00212984010373245,0.0826883215508533
"25470",CONTINUOUS,31169,-0.0189117470433424,-0.0375255425678811,-0.000297951518803713,0.0464440483114987
"25471",CONTINUOUS,31169,-0.0272084008511677,-0.0463213014752092,-0.00809550022712624,0.00527011893330725
"25472",CONTINUOUS,31169,-0.0166700543791731,-0.035445912558806,0.00210580380045979,0.0818316542693891
"25473",CONTINUOUS,31169,-0.0270882226338339,-0.0459264253915644,-0.00825001987610326,0.00482907684196402
"25474",CONTINUOUS,31169,-0.0119896929828621,-0.0313933482247012,0.00741396225897691,0.225856139512173
"25475",CONTINUOUS,31169,-0.0121546130508755,-0.031604377637358,0.00729515153560707,0.220631595783381
"25476",CONTINUOUS,31169,0.00341565563072479,-0.0154566535279196,0.0222879647893692,0.722784428441607
"25477",CONTINUOUS,31169,-0.00699057281246672,-0.0256662209477584,0.011685075322825,0.463154077564492
"25478",CONTINUOUS,31169,0.0184258495928562,0.000950471019751209,0.0359012281659613,0.0387758557332267
"25479",CONTINUOUS,31169,0.0041033898587837,-0.0133923106303221,0.0215990903478895,0.64573332271067
"25480",CONTINUOUS,31169,-0.00980211409127901,-0.0279029796561239,0.00829875147356593,0.288509393455114
"25481",CONTINUOUS,31169,-0.0160084977042538,-0.0350361882980716,0.00301919288956399,0.0991508654870937
"25482",CONTINUOUS,31169,0.010037800104922,-0.00888423927577971,0.0289598394856236,0.29845674336528
"25483",CONTINUOUS,31169,-0.00464089212903012,-0.0232446266437169,0.0139628423856567,0.624879053022937
"25484",CONTINUOUS,31169,-0.0208178770398697,-0.0400192413072343,-0.00161651277250508,0.0335902228435168
"25485",CONTINUOUS,31169,0.00923062438777498,-0.0101139734346433,0.0285752222101933,0.349657152185831
"25486",CONTINUOUS,31169,0.0119962184309074,-0.00659333632821195,0.0305857731900268,0.205933185451373
"25487",CONTINUOUS,31169,0.00280987771666915,-0.0161282791090787,0.021748034542417,0.771195833594507
"25488",CONTINUOUS,31170,0.00921233041734967,-0.0101896702923554,0.0286143311270547,0.352040101616813
"25489",CONTINUOUS,31170,0.0128169833686685,-0.00617929165938571,0.0318132583967228,0.186024935524312
"25490",CONTINUOUS,31170,0.0227756965174702,0.0041578812822252,0.0413935117527151,0.0165009705067866
"25491",CONTINUOUS,31170,0.0156350348226219,-0.00317579493214783,0.0344458645773917,0.103295512454481
"25492",CONTINUOUS,31170,0.0044880933789115,-0.0144132868567746,0.0233894736145976,0.641642948152504
"25493",CONTINUOUS,31170,0.0023088647311964,-0.016768333591557,0.0213860630539498,0.812488712380831
"25494",CONTINUOUS,31170,-0.00122352701495565,-0.0203048904479287,0.0178578364180174,0.899985366879629
"25495",CONTINUOUS,31170,-0.0118304519198177,-0.030763066024754,0.00710216218511865,0.220669896253384
"25496",CONTINUOUS,31170,0.0236026034866559,0.00458214941740943,0.0426230575559024,0.015011919193274
"25497",CONTINUOUS,31170,0.0180616843399378,-0.000689153663227558,0.0368125223431032,0.0590349187940619
"25498",CONTINUOUS,31170,-0.0125249064705828,-0.0319351345659235,0.00688532162475795,0.205966104348739
"25499",CONTINUOUS,31170,0.0109494692391634,-0.00748427045631106,0.0293832089346379,0.244333430794909
"25500",CONTINUOUS,31170,0.0190243526854578,0.000356675200343791,0.0376920301705717,0.0457806854359173
"25501",CONTINUOUS,31170,0.0123309882382243,-0.00646259516808193,0.0311245716445305,0.198439920685401
"25502",CONTINUOUS,31170,0.0213255890099935,0.00274966936614604,0.0399015086538409,0.0244449907889232
"25503",CONTINUOUS,31170,0.0189583616190769,0.000302669402676391,0.0376140538354774,0.0463973560400141
"25504",CONTINUOUS,31170,0.00214402507570406,-0.0168230572667033,0.0211111074181114,0.824656705621066
"25505",CONTINUOUS,31170,-0.0178036528253672,-0.0367504079117349,0.00114310226100057,0.0655159123893874
"25506",CONTINUOUS,31170,-0.0102343005195841,-0.0291871039746945,0.00871850293552628,0.289881497138398
"25507",CONTINUOUS,31170,0.00962319385977749,-0.00883775279254418,0.0280841405120992,0.306923221404819
"25508",CONTINUOUS,31170,0.0106555052759501,-0.00815762233345721,0.0294686328853574,0.266946978474131
"25509",CONTINUOUS,31170,0.01341258481383,-0.0054300966337924,0.0322552662614525,0.162967152173017
"25510",CONTINUOUS,31170,0.012724034448736,-0.00625528728786645,0.0317033561853385,0.188841877698888
"25511",CONTINUOUS,31170,0.0196667737920646,0.000633615662282858,0.0386999319218464,0.0428460982663951
"25512",CONTINUOUS,31170,0.0187090257054512,-0.000427340870417316,0.0378453922813197,0.0553399034343707
"25513",CONTINUOUS,31170,0.0222279049391184,0.00342295405024015,0.0410328558279966,0.0205202833982357
"25514",CONTINUOUS,31170,0.00300491848250287,-0.0156525132624152,0.0216623502274209,0.752248219617241
"25515",CONTINUOUS,31170,-0.0184153261678854,-0.0377770378197512,0.000946385483980502,0.0622981232997255
"25516",CONTINUOUS,31170,-0.0134839253529309,-0.0326566666562486,0.0056888159503868,0.168068341102538
"25517",CONTINUOUS,31170,-0.0156403900751556,-0.0325977994955996,0.00131701934528839,0.0706455515781523
"25518",CONTINUOUS,31170,-0.0164831089817328,-0.0332814486342045,0.000315230670738874,0.0544566547534061
"25519",CONTINUOUS,31170,-0.00283342790522331,-0.0218876719242993,0.0162208161138527,0.770698159116619
"25520",CONTINUOUS,31170,-0.0061794069552713,-0.0252061666266895,0.0128473527161469,0.524408914005543
"25521",CONTINUOUS,31170,-0.010004640383735,-0.0288136918612555,0.00880441109378553,0.297161882163456
"25522",CONTINUOUS,31170,-0.0119944099594369,-0.0308258745679115,0.00683705464903774,0.211887678318651
"25523",CONTINUOUS,31170,-0.0192796973305704,-0.0383615448297057,-0.000197849831435094,0.0476715619963675
"25524",CONTINUOUS,31170,-0.00355962295534289,-0.0226205980221564,0.0155013521114706,0.714340662230056
"25525",CONTINUOUS,31170,0.00675592700264453,-0.0125724188876771,0.0260842728929661,0.493284659617312
"25526",CONTINUOUS,31170,-0.00536892734491285,-0.0239241490737694,0.0131862943839437,0.570626639762862
"25527",CONTINUOUS,31170,-0.0173640683368265,-0.0353037990987604,0.00057566242510743,0.0578180393242867
"25528",CONTINUOUS,31170,-0.0124799318314007,-0.0303777742456186,0.00541791058281719,0.171725956890473
"25529",CONTINUOUS,31170,-0.0203904335050282,-0.0385593309585261,-0.00222153605153042,0.0278357226541153
"25530",CONTINUOUS,31170,-0.0162541596826249,-0.0343683354362081,0.00186001607095843,0.078625117658799
"25531",CONTINUOUS,31170,0.00598771523634216,-0.0128174658358386,0.024792896308523,0.532571761030132
"25532",CONTINUOUS,31170,-0.00270164236830623,-0.0214877424686666,0.0160844577320541,0.778041411292111
"25533",CONTINUOUS,31170,-0.00151909299049557,-0.019658021739866,0.0166198357588749,0.869615075170708
"25534",CONTINUOUS,31170,-0.0053821182121143,-0.0227292231325924,0.0119649867083638,0.543110545875481
"25535",CONTINUOUS,31170,-0.00414946618158821,-0.0216444119123109,0.0133454795491345,0.64201777598188
"25536",CONTINUOUS,31170,-0.00521454378137381,-0.0234259071929852,0.0129968196302376,0.574646595227994
"25537",CONTINUOUS,31170,-0.00322667557094257,-0.0213526868107054,0.0148993356688202,0.727156453831763
"25538",CONTINUOUS,31170,-0.00980560063569933,-0.0274034129800785,0.00779221170867983,0.274777611418839
"25539",CONTINUOUS,31170,-0.00684109571652265,-0.0245378615125786,0.0108556700795333,0.448636906984563
"25540",CONTINUOUS,31170,-0.0155656997108862,-0.0337516581552114,0.00262025873343904,0.0934284506385601
"25541",CONTINUOUS,31170,-0.00616566607967523,-0.0241893781319972,0.0118580459726468,0.502542158642443
"25542",CONTINUOUS,31170,4.45327117167678e-05,-0.0194413979860258,0.0195304634094593,0.996425970898813
"25543",CONTINUOUS,31170,0.00190984165130191,-0.0175977728826959,0.0214174561852998,0.847827605311197
"25544",CONTINUOUS,31170,-0.00605445710583982,-0.0255000887636296,0.01339117455195,0.541691045280148
"25545",CONTINUOUS,31170,-0.00470638261652308,-0.0240398155455731,0.0146270503125269,0.63326781284167
"25546",CONTINUOUS,31170,-0.0138806787196635,-0.032290748669115,0.00452939122978797,0.13946726470359
"25547",CONTINUOUS,31170,-0.0110950447352812,-0.0299562207265479,0.00776613125598546,0.248923641098248
"25548",CONTINUOUS,31170,-0.0141588107508877,-0.0335072746365128,0.00518965313473736,0.151491756606376
"25549",CONTINUOUS,31170,-0.00628199909896073,-0.0254680875295591,0.0129040893316376,0.521030143251976
"25550",CONTINUOUS,31170,0.026439963356519,0.00720866633627173,0.0456712603767662,0.00704808723835123
"25551",CONTINUOUS,31170,0.0223619214922629,0.00313355917440027,0.0415902838101256,0.0226465257024126
"25552",CONTINUOUS,31170,-0.0353301786607072,-0.054615256495102,-0.0160451008263125,0.000330190432821554
"25553",CONTINUOUS,31170,0.0118939949985963,-0.00712886284831546,0.030916852845508,0.220392283890058
"25554",CONTINUOUS,31170,0.0125719633104742,-0.00668190787806249,0.0318258344990109,0.200616818187457
"25555",CONTINUOUS,31170,-0.00126385575315865,-0.020484570531817,0.0179568590254997,0.897451691750328
"25556",CONTINUOUS,31170,-0.00565032661462701,-0.0248217968646402,0.0135211436353862,0.563488156226093
"25557",CONTINUOUS,31170,0.00523976431170703,-0.013803392334449,0.0242829209578631,0.589677413729673
"25558",CONTINUOUS,31170,0.00810174830965039,-0.0110344946343153,0.027237991253616,0.406643522030608
"25559",CONTINUOUS,31170,-0.0149257299729205,-0.0339077204291932,0.00405626048335224,0.12327844956355
"25560",CONTINUOUS,31170,-0.0136017049318862,-0.0328205593352545,0.00561714947148213,0.165398751070378
"25561",CONTINUOUS,31170,0.000563281202270214,-0.0185216547911442,0.0196482171956846,0.95386888905193
"25562",CONTINUOUS,31170,0.0132584827928771,-0.00592097195110915,0.0324379375368633,0.175444035874449
"25563",CONTINUOUS,31170,-0.00378565929063111,-0.0228931535324537,0.0153218349511915,0.697773290319141
"25564",CONTINUOUS,31170,0.0127588558386707,-0.00601642596696492,0.0315341376443064,0.182884032211905
"25565",CONTINUOUS,31170,0.0081115309490245,-0.0103267080259782,0.0265497699240272,0.388540040479856
"25566",CONTINUOUS,31170,0.00770709699161271,-0.0103817933104522,0.0257959872936777,0.403661978963367
"25567",CONTINUOUS,31170,0.0104656997830279,-0.00888983377097318,0.0298212333370289,0.289239171748146
"25568",CONTINUOUS,31170,0.00451002484027387,-0.0148555644126643,0.0238756140932121,0.648054503494472
"25569",CONTINUOUS,31170,-0.0160263230305472,-0.0354222428769428,0.00336959681584846,0.105343814808578
"25570",CONTINUOUS,31170,-0.0103453900053792,-0.0294756733961887,0.00878489338543038,0.289169951397345
"25571",CONTINUOUS,31170,-0.0092583877949433,-0.0261468656076229,0.00763009001773631,0.282603187070883
"25572",CONTINUOUS,31170,-0.01289387306067,-0.0294501192092455,0.00366237308790554,0.126904573760747
"25573",CONTINUOUS,31170,-0.000582136862678064,-0.0199598177957235,0.0187955440703674,0.953045855031715
"25574",CONTINUOUS,31170,-0.00630639884593018,-0.0257035319472463,0.0130907342553859,0.52396763705686
"25575",CONTINUOUS,31170,-0.015758227615178,-0.0342778859785658,0.00276143074820993,0.0953689975926057
"25576",CONTINUOUS,31170,-0.021411297454658,-0.0397056182707846,-0.00311697663853151,0.0217976545034457
"25577",CONTINUOUS,31170,-0.00481708734061063,-0.0236742722163983,0.014040097535177,0.616589832366319
"25578",CONTINUOUS,31170,0.00699905360609911,-0.0117628154487558,0.025760922660954,0.464670716994553
"25579",CONTINUOUS,31170,-0.000366444887980156,-0.0194889670031128,0.0187560772271525,0.970038542508395
"25580",CONTINUOUS,31170,0.00441239730970222,-0.0144500961755262,0.0232748907949306,0.646595595905964
"25581",CONTINUOUS,31170,-0.0114771468285145,-0.0298286879715553,0.00687439431452621,0.220276043801027
"25582",CONTINUOUS,31170,-0.00999530165203071,-0.0279260198062834,0.00793541650222193,0.274575706687659
"25583",CONTINUOUS,31170,-0.015250777992298,-0.0337440532649467,0.00324249728035075,0.106022575472087
"25584",CONTINUOUS,31170,-0.011722155674148,-0.0299355863222265,0.00649127497393051,0.207145063498524
"25585",CONTINUOUS,31170,0.00423487047570337,-0.0146036772676175,0.0230734182190242,0.659495969746304
"25586",CONTINUOUS,31170,-0.0111060205724069,-0.0300249971245787,0.00781295597976493,0.249904099820224
"25587",CONTINUOUS,31170,-0.00745350938355633,-0.0260713587342762,0.0111643399671635,0.432643280487615
"25588",CONTINUOUS,31170,-0.00259285603718615,-0.0202878934764681,0.0151021814020958,0.773957321649502
"25589",CONTINUOUS,31170,0.000735519413731013,-0.016891784815919,0.018362823643381,0.93481827642608
"25590",CONTINUOUS,31170,-0.000208261613242952,-0.0185106085275219,0.018094085301036,0.982206229329886
"25591",CONTINUOUS,31170,0.00386192394738272,-0.0140931641345875,0.0218170120293529,0.673333700864568
"25592",CONTINUOUS,31170,0.00228994383541907,-0.0149742158023805,0.0195541034732187,0.794878877715883
"25593",CONTINUOUS,31170,0.00402422347448314,-0.0132427414640922,0.0212911884130584,0.647814240480221
"25594",CONTINUOUS,31170,-0.00625106447567228,-0.0246626168381313,0.0121604878867867,0.505754792525114
"25595",CONTINUOUS,31170,-0.00577888039078966,-0.0240329588058521,0.0124751980242728,0.534926629446094
"25596",CONTINUOUS,31170,-0.0167323162820014,-0.0360953724270339,0.00263073986303102,0.0903244125726832
"25597",CONTINUOUS,31170,-0.0128752068677342,-0.0320943838310174,0.00634397009554899,0.189172578258916
"25598",CONTINUOUS,31170,-0.0166273809681587,-0.0339756980329123,0.000720936096594928,0.060310149593917
"25599",CONTINUOUS,31170,-0.0173224104317763,-0.0345778937817799,-6.69270817727774e-05,0.0491180611981704
"25600",CONTINUOUS,31170,0.00233296100461873,-0.0161640709353186,0.020829992944556,0.804745410070752
"25601",CONTINUOUS,31170,0.00173473146534522,-0.0169790924716491,0.0204485554023395,0.855825993061292
"25602",CONTINUOUS,31170,-0.00376227759115475,-0.022679774550951,0.0151552193686415,0.696680271441922
"25603",CONTINUOUS,31170,-0.00556336608870717,-0.0245533036500407,0.0134265714726263,0.565822403476795
"25604",CONTINUOUS,31170,-0.0266900769712065,-0.0458764679649714,-0.00750368597744164,0.00640262733584212
"25605",CONTINUOUS,31170,-0.0108565520289124,-0.0299656457898922,0.00825254173206732,0.265473092612819
"25606",CONTINUOUS,31170,0.0120254202857275,-0.0073948332072243,0.0314456737786792,0.224872587042115
"25607",CONTINUOUS,31170,-0.0115739438466907,-0.0300741491641346,0.0069262614707532,0.220123681469605
"25608",CONTINUOUS,31170,-0.0194452625136617,-0.0374092118250197,-0.00148131320230364,0.0338736936159752
"25609",CONTINUOUS,31170,-0.0122442551450403,-0.0303026736295358,0.00581416333945532,0.183865127783583
"25610",CONTINUOUS,31170,-0.0195263238448273,-0.0376867360203816,-0.00136591166927294,0.0350855226797742
"25611",CONTINUOUS,31170,-0.0176989165931925,-0.0358743752409175,0.000476542054532469,0.0563164531336031
"25612",CONTINUOUS,31170,0.00415605148576104,-0.0146926698896561,0.0230047728611782,0.665614068808848
"25613",CONTINUOUS,31170,0.0046567471382202,-0.0139133342846983,0.0232268285611387,0.623068073499698
"25614",CONTINUOUS,31170,0.00331188093860284,-0.0146470931729311,0.0212708550501367,0.717759347385707
"25615",CONTINUOUS,31170,-0.00690213941593466,-0.0243065860970614,0.0105023072651921,0.43698789760428
"25616",CONTINUOUS,31170,-0.00899441675763664,-0.0266269589684863,0.00863812545321303,0.317404025453685
"25617",CONTINUOUS,31170,-0.00408613014194714,-0.0224933350622579,0.0143210747783636,0.663492685449923
"25618",CONTINUOUS,31170,-0.00651292901706871,-0.0248484177560944,0.011822559721957,0.486293918654844
"25619",CONTINUOUS,31170,-0.0179252240106211,-0.0363473143593823,0.000496866338140032,0.0565070584757758
"25620",CONTINUOUS,31170,-0.0158573086648796,-0.0343356357079258,0.0026210183781666,0.0925745019353558
"25621",CONTINUOUS,31170,-0.0180979654751552,-0.0363477078848018,0.000151776934491414,0.0519359077271773
"25622",CONTINUOUS,31170,-0.00702578845796758,-0.0250996152485444,0.0110480383326092,0.446112943272177
"25623",CONTINUOUS,31170,-0.0177070220790427,-0.0370760843555949,0.00166204019750939,0.0731665344410365
"25624",CONTINUOUS,31170,-0.0135946397715289,-0.0327360580329497,0.00554677848989195,0.163913579449624
"25625",CONTINUOUS,31170,-0.0194399834523412,-0.0366683844995547,-0.00221158240512769,0.0269982712773805
"25626",CONTINUOUS,31170,-0.0163792859499939,-0.0336074081831102,0.000848836283122448,0.0624058243148916
"25627",CONTINUOUS,31170,-0.00767532510395377,-0.0266353501186022,0.0112846999106947,0.427518241413017
"25628",CONTINUOUS,31170,-0.00746572111017228,-0.0264819184817716,0.0115504762614271,0.441597717347733
"25629",CONTINUOUS,31170,-0.00739037288017569,-0.0263607811298506,0.0115800353694993,0.445123248220852
"25630",CONTINUOUS,31170,-0.00460174067410739,-0.0236244209712438,0.014420939623029,0.635396541736075
"25631",CONTINUOUS,31170,-0.0188386284919532,-0.0379898555360186,0.000312598552112155,0.0538583444539134
"25632",CONTINUOUS,31170,-0.00767680200442551,-0.0267162197246256,0.0113626157157746,0.429358956337348
"25633",CONTINUOUS,31170,0.00634921398918139,-0.0130580957456422,0.0257565237240049,0.521372447329239
"25634",CONTINUOUS,31170,-0.00823744611286901,-0.0267108199363798,0.0102359277106418,0.382125093421604
"25635",CONTINUOUS,31170,-0.0175931413728026,-0.0357042850582489,0.000518002312643644,0.0569219362745287
"25636",CONTINUOUS,31170,-0.0120223499628324,-0.0301710282641525,0.00612632833848775,0.194158682725255
"25637",CONTINUOUS,31170,-0.0222512219745227,-0.0404382865935254,-0.00406415735551999,0.0164889626262662
"25638",CONTINUOUS,31170,-0.0170023831633882,-0.0351470940167311,0.00114232768995458,0.0662721586472593
"25639",CONTINUOUS,31170,0.00774873375466321,-0.0111338748290527,0.0266313423383791,0.421213139780351
"25640",CONTINUOUS,31170,0.00108769825065059,-0.0176699049874854,0.0198453014887866,0.909510460180734
"25641",CONTINUOUS,31170,0.00113379345889145,-0.0168613912973562,0.0191289782151391,0.901717453165131
"25642",CONTINUOUS,31170,-0.00580222878811737,-0.023370185336246,0.0117657277600113,0.517410777136401
"25643",CONTINUOUS,31170,-0.00320217965380401,-0.0209901536049351,0.0145857942973271,0.724206902524046
"25644",CONTINUOUS,31170,-0.0108339263231642,-0.0291891717326127,0.00752131908628422,0.247327715377123
"25645",CONTINUOUS,31170,-0.00650629844652364,-0.0249260480207423,0.011913451127695,0.488733192590721
"25646",CONTINUOUS,31170,-0.0138306208393188,-0.0319288451649676,0.00426760348632998,0.134180249759581
"25647",CONTINUOUS,31170,-0.0102599979498013,-0.0285175332007101,0.00799753730110749,0.270703506873989
"25648",CONTINUOUS,31170,-0.0190933013829698,-0.0374175561889191,-0.000769046577020486,0.0411301220571087
"25649",CONTINUOUS,31170,-0.00495336520225446,-0.0231245298305198,0.0132177994260109,0.593140031359772
"25650",CONTINUOUS,31168,0.00469439294603196,-0.0144031696434826,0.0237919555355465,0.629951670022671
"25651",CONTINUOUS,31168,0.00744357563175241,-0.0116417740391356,0.0265289253026404,0.444607668460869
"25652",CONTINUOUS,31168,0.0111100243488273,-0.00669675834561439,0.028916807043269,0.22137291462375
"25653",CONTINUOUS,31168,0.0117863901172679,-0.0059322005010586,0.0295049807355944,0.192305651759249
"25654",CONTINUOUS,31168,-0.00403375975924476,-0.0226540848561112,0.0145865653376216,0.671125698370427
"25655",CONTINUOUS,31168,-9.19490121303866e-05,-0.0187657305989767,0.018581832574716,0.992299665333739
"25656",CONTINUOUS,31168,-0.00132636183353488,-0.0203884513026892,0.0177357276356194,0.891520325005726
"25657",CONTINUOUS,31168,0.00269149167588949,-0.01646627637325,0.021849259725029,0.783035531213924
"25658",CONTINUOUS,31168,0.0154792537608808,-0.00376089524063845,0.0347194027624,0.11482668181632
"25659",CONTINUOUS,31168,0.0143083409596052,-0.00479919255130298,0.0334158744705135,0.142184507339754
"25660",CONTINUOUS,31168,0.00394365642526639,-0.0151741581793452,0.023061471029878,0.685979802348374
"25661",CONTINUOUS,31168,0.00263275968992,-0.0158655568094921,0.0211310761893321,0.78027636158553
"25662",CONTINUOUS,31168,0.00722071907363509,-0.0112612459086851,0.0257026840559553,0.443820092277892
"25663",CONTINUOUS,31168,0.00815014584351817,-0.0103758154661543,0.0266761071531906,0.388538687929841
"25664",CONTINUOUS,31168,0.0104651480283821,-0.00822480698651937,0.0291551030432835,0.272434055636575
"25665",CONTINUOUS,31168,0.00973650578555518,-0.0090534234972682,0.0285264350683786,0.309805222301143
"25666",CONTINUOUS,31168,0.00478159045011138,-0.0142341606770961,0.0237973415773189,0.622114752582859
"25667",CONTINUOUS,31168,0.0105267297400529,-0.00842172989497921,0.0294751893750851,0.276210240722416
"25668",CONTINUOUS,31168,0.0120393421805942,-0.00671378995797235,0.0307924743191607,0.208282533032969
"25669",CONTINUOUS,31168,0.00858797862340047,-0.00983824309076236,0.0270142003375633,0.360974449065108
"25670",CONTINUOUS,31168,0.0115659809019173,-0.00701545671568443,0.0301474185195191,0.222465273046235
"25671",CONTINUOUS,31168,0.00138070939056774,-0.0172402919449614,0.0200017107260968,0.884448905919259
"25672",CONTINUOUS,31168,-0.00355231908530443,-0.0223124010928793,0.0152077629222704,0.710532953167289
"25673",CONTINUOUS,31168,0.0042573362804772,-0.01415361723174,0.0226682897926944,0.650380278637379
"25674",CONTINUOUS,31168,0.00463513868432818,-0.0138037790486063,0.0230740564172626,0.622220259711377
"25675",CONTINUOUS,31168,0.0132083591029461,-0.00518316936030695,0.0315998875661992,0.159243436094778
"25676",CONTINUOUS,31168,0.000383200891801105,-0.0180155605760563,0.0187819623596585,0.967437416355935
"25677",CONTINUOUS,31168,-0.00635849635372373,-0.0257218213435575,0.01300482863611,0.519817067095281
"25678",CONTINUOUS,31168,-0.00349200506922234,-0.0224754912630022,0.0154914811245575,0.718439330019365
"25679",CONTINUOUS,31168,-0.00684086412607569,-0.0257446486720156,0.0120629204198643,0.478146455251865
"25680",CONTINUOUS,31168,0.00128902155757439,-0.016909622730803,0.0194876658459518,0.889584678481768
"25681",CONTINUOUS,31168,-0.00728698406987076,-0.0265789462665457,0.0120049781268042,0.459093942834053
"25682",CONTINUOUS,31168,-0.00102416122357608,-0.0203483730460144,0.0183000505988623,0.917265328842475
"25683",CONTINUOUS,31168,0.0125968820518765,-0.00668327467046498,0.0318770387742179,0.200339614528978
"25684",CONTINUOUS,31168,0.0168408618823531,-0.00225383283894776,0.035935556603654,0.0838748978684608
"25685",CONTINUOUS,31168,-0.0129181832914485,-0.0315998053542584,0.00576343877136145,0.175315530676396
"25686",CONTINUOUS,31168,-0.0168614665452599,-0.0354228612582473,0.00169992816772747,0.0749987321470289
"25687",CONTINUOUS,31168,0.0121006196015803,-0.00672270466835658,0.0309239438715171,0.207672825217067
"25688",CONTINUOUS,31168,-0.0130620864666094,-0.03226176462359,0.00613759169037125,0.18238703603949
"25689",CONTINUOUS,31168,-0.0106030008351241,-0.0298056384798745,0.00859963680962618,0.279143982833595
"25690",CONTINUOUS,31168,0.00165747649863073,-0.0172940750461473,0.0206090280434088,0.86389275286513
"25691",CONTINUOUS,31168,-0.00583960311549304,-0.0250713960919448,0.0133921898609587,0.551745616465456
"25692",CONTINUOUS,31168,-0.0118541436734056,-0.0309358189619241,0.00722753161511296,0.223370296958048
"25693",CONTINUOUS,31168,-0.00118695625662912,-0.0202332559226946,0.0178593434094364,0.902781991260984
"25694",CONTINUOUS,31168,0.0189303394395835,-0.000172180221587343,0.0380328591007544,0.0521009189570083
"25695",CONTINUOUS,31168,0.0109481546788923,-0.00811266625032462,0.0300089756081093,0.260255509889896
"25696",CONTINUOUS,31168,0.00657616673941735,-0.012396782033814,0.0255491155126487,0.496911880248333
"25697",CONTINUOUS,31168,0.000424034867358628,-0.0182782273254986,0.0191262970602159,0.964554097043706
"25698",CONTINUOUS,31168,-0.00784557911869374,-0.0270174104834622,0.0113262522460747,0.422503517318354
"25699",CONTINUOUS,31168,-0.0185242546219552,-0.0375152086502939,0.000466699406383605,0.0559017142418491
"25700",CONTINUOUS,31168,-0.0131584175352551,-0.0309938549473612,0.00467701987685107,0.148171784147138
"25701",CONTINUOUS,31168,-0.0113461360286791,-0.0291149470255024,0.00642267496814415,0.210736574055648
"25702",CONTINUOUS,31168,-0.0176869674129861,-0.0370040752359033,0.00163014040993106,0.0727214952035384
"25703",CONTINUOUS,31168,0.00352749401841192,-0.0156895585945578,0.0227445466313816,0.719009475884412
"25704",CONTINUOUS,31168,-0.0194078271734987,-0.0387780708132164,-3.75835337810861e-05,0.0495571637299937
"25705",CONTINUOUS,31168,-0.0157797226953173,-0.03496372915319,0.0034042837625553,0.106923624357977
"25706",CONTINUOUS,31168,-0.0152539668494834,-0.0336424850152223,0.00313455131625542,0.10397530866377
"25707",CONTINUOUS,31168,-0.0145491369955269,-0.0328358262758894,0.0037375522848357,0.118903753043178
"25708",CONTINUOUS,31168,-0.0128807315118311,-0.0322760186079355,0.0065145555842732,0.193030245272341
"25709",CONTINUOUS,31168,-0.00837609789632662,-0.0277818618965672,0.0110296661039139,0.397553148045652
"25710",CONTINUOUS,31168,-0.00867802163585421,-0.0273382408110604,0.00998219753935202,0.362025457474359
"25711",CONTINUOUS,31168,-0.0072424982879485,-0.0257471868655738,0.0112621902896768,0.443007282755525
"25712",CONTINUOUS,31168,-0.0154014700479456,-0.034594992694739,0.00379205259884781,0.115776168643864
"25713",CONTINUOUS,31168,-9.85894235079948e-05,-0.0192192789320153,0.0190221000849993,0.991936549304707
"25714",CONTINUOUS,31168,0.00880514040297119,-0.0104743110966523,0.0280845919025946,0.370701963067214
"25715",CONTINUOUS,31168,-0.00745438935060224,-0.0267218411955681,0.0118130624943636,0.44826490974165
"25716",CONTINUOUS,31168,-0.0206624889254536,-0.0395458768222567,-0.00177910102865043,0.0319841051239291
"25717",CONTINUOUS,31168,-0.0103301490178309,-0.0288289072144819,0.00816860917882,0.273729610227033
"25718",CONTINUOUS,31168,-0.019863963765926,-0.0385863010138519,-0.00114162651800006,0.0375743489344703
"25719",CONTINUOUS,31168,-0.0127278054976601,-0.0308877719086928,0.00543216091337257,0.169533365304832
"25720",CONTINUOUS,31168,0.00382795803195601,-0.0149301139660021,0.0225860300299142,0.689170146161543
"25721",CONTINUOUS,31168,0.00339339307927362,-0.0151201132701284,0.0219068994286756,0.719402040869605
"25722",CONTINUOUS,31168,0.00403272496872942,-0.0138026395160604,0.0218680894535193,0.6576375620607
"25723",CONTINUOUS,31168,0.000888642682166265,-0.0171374454671812,0.0189147308315137,0.923024621469254
"25724",CONTINUOUS,31168,0.00904207102102738,-0.00897938032025693,0.0270635223623117,0.325403857143155
"25725",CONTINUOUS,31168,-0.0111155765149488,-0.0299571224649075,0.00772596943500999,0.247556553884271
"25726",CONTINUOUS,31168,-0.0157301434496283,-0.0339726884310914,0.0025124015318348,0.0910189618139703
"25727",CONTINUOUS,31168,-0.0141791651287791,-0.032538064018856,0.00417973376129774,0.130086277228067
"25728",CONTINUOUS,31168,-0.00616903430896052,-0.0246406821996693,0.0123026135817483,0.512729655998423
"25729",CONTINUOUS,31168,-0.0155472153395587,-0.0344702696741776,0.00337583899506013,0.10732669219443
"25730",CONTINUOUS,31168,-0.0134096258696487,-0.0323267194142664,0.00550746767496887,0.164721153832612
"25731",CONTINUOUS,32790,0.0189700827822312,0.00192954967611993,0.0360106158883425,0.0291183044373479
"25732",CONTINUOUS,32790,-0.00169218661891064,-0.0180814548754411,0.0146970816376198,0.83962629572741
"25733",CONTINUOUS,32790,0.00558380065127624,-0.0119887310402509,0.0231563323428034,0.53340982725769
"25734",CONTINUOUS,32790,-0.00513732100209979,-0.0232029019506323,0.0129282599464328,0.577273801718134
"25735",CONTINUOUS,32790,-0.00702787136796776,-0.0254264883645558,0.0113707456286203,0.454048687100259
"25736",CONTINUOUS,31824,0.00187018175530536,-0.0154413386447344,0.0191817021553451,0.832307310863508
"25737",CONTINUOUS,31555,-0.00508273846432271,-0.0223442657896403,0.0121787888609949,0.563847088899525
"25738",CONTINUOUS,29339,-0.0090826988063677,-0.0285055063544494,0.010340108741714,0.359371905863578
"25739",CONTINUOUS,31486,-0.0105045684453617,-0.02679062146653,0.00578148457580654,0.20615572273143
"25740",CONTINUOUS,27398,-0.014760767000866,-0.0323636699011666,0.00284213589943462,0.100273627445583
"25741",CONTINUOUS,31486,2.50782165597297e-05,-0.0187537408595702,0.0188038972926896,0.997911524960331
"25742",CONTINUOUS,27398,0.00722260508598294,-0.0125128564817086,0.0269580666536745,0.473181830821543
"25743",CONTINUOUS,31486,-0.00909847851462791,-0.0268707351382903,0.00867377810903448,0.315656784929911
"25744",CONTINUOUS,31484,-0.00575984575489523,-0.0231696576534995,0.011649966143709,0.516693764232099
"25745",CONTINUOUS,27398,-0.000114863190807494,-0.0199137622053258,0.0196840358237108,0.990927355951792
"25746",INTEGER,31175,0.00297788683441002,-0.0161475709327828,0.0221033446016029,0.760228291742046
"25756",CONTINUOUS,33493,0.000568933466154986,-0.0176600045791891,0.0187978715114991,0.951221333846326
"25757",CONTINUOUS,33493,-0.0069719178605165,-0.0227323755502431,0.00878853982921008,0.385917445760886
"25758",CONTINUOUS,33477,-0.0144803685342429,-0.0329949341900408,0.00403419712155495,0.125295975787578
"25761",CONTINUOUS,27391,0.0177683099282573,-0.00258237013598539,0.0381189899925,0.087031011106701
"25762",CONTINUOUS,27391,0.0129822544097107,-0.00755699311867636,0.0335215019380977,0.215396712441194
"25763",CONTINUOUS,27391,0.0118037971054036,-0.00850242958574145,0.0321100237965487,0.254564272735497
"25764",CONTINUOUS,27391,0.00835514069386105,-0.0121338743278451,0.0288441557155672,0.42413389480752
"25765",CONTINUOUS,27391,-0.00592414059458991,-0.0262930671309577,0.0144447859417779,0.568638165526299
"25766",CONTINUOUS,27391,0.000254937701978957,-0.0198311280724769,0.0203410034764348,0.980152866560246
"25767",CONTINUOUS,27391,0.00140204718959135,-0.0193233099470617,0.0221274043262444,0.894514476729805
"25768",CONTINUOUS,27391,-0.0020160513221359,-0.0225489467370663,0.0185168440927945,0.847390887632212
"25781",CONTINUOUS,31821,-0.0114805035465602,-0.0280588408075621,0.00509783371444177,0.174686862481683
"25782",CONTINUOUS,32787,-0.00210226319908645,-0.0186174947539099,0.014412968355737,0.802977377549661
"25783",CONTINUOUS,32787,-0.00480568243066178,-0.0213354240089133,0.0117240591475897,0.568789940595726
"25784",CONTINUOUS,32787,-0.0113255822317047,-0.0284046548256909,0.00575349036228144,0.193695232024817
"25785",CONTINUOUS,32787,-0.0059190333384987,-0.0229898732971857,0.0111518066201883,0.496755965678717
"25786",CONTINUOUS,32787,0.000263801604617164,-0.0177241057977394,0.0182517090069737,0.977068214468271
"25787",CONTINUOUS,32787,-0.00279290386900689,-0.0208402090055317,0.015254401267518,0.761644355910339
"25788",CONTINUOUS,32787,-0.00876733461506267,-0.0267650339387876,0.00923036470866227,0.339683313414649
"25789",CONTINUOUS,32787,-0.00637085206395092,-0.024365872728522,0.0116241686006201,0.487737394767769
"25790",CONTINUOUS,32787,-0.00909606558244601,-0.0274661007420499,0.00927396957715785,0.331790912798247
"25791",CONTINUOUS,32787,0.01273327371802,-0.00563181680775809,0.0310983642437982,0.174164190928937
"25792",CONTINUOUS,32787,0.00432064735377747,-0.0138685026858078,0.0225097973933628,0.64151446733208
"25793",CONTINUOUS,32787,0.00151450989257623,-0.0168784705634923,0.0199074903486448,0.871785035498643
"25794",CONTINUOUS,32787,-0.00187511725297754,-0.0190401647127489,0.0152899302067938,0.830458531229888
"25795",CONTINUOUS,32787,-0.00823410615179014,-0.0255211696029718,0.00905295729939156,0.350518774541092
"25796",CONTINUOUS,32787,0.0059157064970835,-0.0108080129673113,0.0226394259614782,0.488109506549433
"25797",CONTINUOUS,32787,-0.000298276479025017,-0.0173381432859701,0.0167415903279201,0.972630396963924
"25798",CONTINUOUS,32787,0.000373842263229892,-0.0175745639960588,0.0183222485225186,0.967435623680612
"25799",CONTINUOUS,32787,-0.000326608130084124,-0.0184125704462179,0.0177593541860496,0.971764493818031
"25800",CONTINUOUS,32787,0.016993915511479,-0.000892211226715466,0.0348800422496734,0.0625748086987755
"25801",CONTINUOUS,32787,0.00635443293660452,-0.0113766053336091,0.0240854712068181,0.482412279636613
"25802",CONTINUOUS,32787,-0.0151565711897571,-0.0327945522115164,0.00248140983200226,0.0921356422724953
"25803",CONTINUOUS,32787,-0.00458398740478162,-0.0226709067639356,0.0135029319543724,0.619364595445161
"25804",CONTINUOUS,32787,0.0141493112823955,-0.00362018684984361,0.0319188094146347,0.118600099245608
"25805",CONTINUOUS,32787,0.0115120786905146,-0.00641311329562428,0.0294372706766535,0.208114337470069
"25806",CONTINUOUS,32787,0.00154759704474671,-0.0170523195430314,0.0201475136325248,0.870453397666105
"25807",CONTINUOUS,32787,0.00540819975520743,-0.0124557224364791,0.0232721219468939,0.552924438459101
"25808",CONTINUOUS,32787,0.00497271932715238,-0.013061786732367,0.0230072253866717,0.58889185451703
"25809",CONTINUOUS,32787,-0.00805270138241038,-0.0261405181903943,0.0100351154255736,0.382882743399533
"25810",CONTINUOUS,32787,-0.00403493364783753,-0.0218773368062613,0.0138074695105862,0.657588991653506
"25811",CONTINUOUS,32787,-0.000973917988387644,-0.0189213055131842,0.0169734695364089,0.915296027508152
"25812",CONTINUOUS,32787,-0.0018520096255022,-0.0199423862256663,0.0162383669746619,0.840966058812631
"25813",CONTINUOUS,32787,-0.00877747661218754,-0.0263797735016317,0.00882482027725666,0.328387129718015
"25814",CONTINUOUS,32787,0.0014405239847114,-0.0163026274107026,0.0191836753801254,0.873566910347474
"25815",CONTINUOUS,32787,-0.0138567278867965,-0.0317237664543402,0.00401031068074721,0.128495413632038
"25816",CONTINUOUS,32787,-0.0136318740048646,-0.031960044006491,0.0046962959967619,0.144902810146192
"25817",CONTINUOUS,32787,0.00286508065840851,-0.0156013822924682,0.0213315436092852,0.761053182727471
"25818",CONTINUOUS,32787,0.0227459360082307,0.00422602465109811,0.0412658473653634,0.0160767420169161
"25819",CONTINUOUS,32787,0.00640826417929857,-0.0122792326855175,0.0250957610441147,0.501505547339665
"25820",CONTINUOUS,32787,0.0226871075616547,0.00440009489477901,0.0409741202285303,0.0150356776935733
"25821",CONTINUOUS,32787,0.00139762135171317,-0.0167899715734359,0.0195852142768623,0.88027756044209
"25822",CONTINUOUS,32787,-0.00977752582389574,-0.028350232476189,0.00879518082839751,0.30214851411586
"25823",CONTINUOUS,32787,0.0137196905864714,-0.0044919160671193,0.031931297240062,0.139794938733944
"25824",CONTINUOUS,32787,-0.00799381313781293,-0.025896451491797,0.00990882521617118,0.381478324150916
"25825",CONTINUOUS,32787,0.0047538201503154,-0.0128181956463233,0.0223258359469541,0.595938287543105
"25826",CONTINUOUS,32787,0.00336767908955632,-0.014729695390104,0.0214650535692166,0.715310438262569
"25827",CONTINUOUS,32787,-0.0132988011478517,-0.0307304636320271,0.00413286133632373,0.134837275006907
"25828",CONTINUOUS,32787,-0.0213568699029065,-0.039555193990758,-0.00315854581505494,0.0214417224958495
"25829",CONTINUOUS,32787,-0.0124312197426984,-0.030571952182625,0.00570951269722826,0.179234166609927
"25830",CONTINUOUS,32787,-0.00178848274850936,-0.0196564531461422,0.0160794876491234,0.844463801608784
"25831",CONTINUOUS,32787,-0.00156177506445081,-0.0195651236753028,0.0164415735464012,0.864986429959049
"25832",CONTINUOUS,32787,-0.0116667499644553,-0.0299206454941788,0.00658714556526807,0.210311885714898
"25833",CONTINUOUS,32787,0.00185862805387009,-0.0163814295034818,0.020098685611222,0.84169762160952
"25834",CONTINUOUS,32787,-0.00322834235399644,-0.0204023510030315,0.0139456662950387,0.71254422171395
"25835",CONTINUOUS,32787,-0.00363595437552874,-0.0208567094859803,0.0135848007349228,0.678995456020146
"25836",CONTINUOUS,32787,0.00617954490247351,-0.0110208765163983,0.0233799663213453,0.481327851783403
"25837",CONTINUOUS,32787,0.00175285829552237,-0.0154800319258185,0.0189857485168632,0.841977070147686
"25838",CONTINUOUS,32787,0.0138765823769243,-0.00456273607379373,0.0323159008276423,0.140213231203268
"25839",CONTINUOUS,32787,0.0199908681957296,0.00162453530533197,0.0383572010861273,0.0328989123786651
